0.9933115734068592
0.9113593016554565
0.9932052240928314
0.9929709679414399
0.32341578042625124
0.993513551711299
0.9847785965542759
0.9991048993639032
0.024321514157663766
0.995249485872514
0.9979039653870504
0.3086531626183651
0.9878227691492958
0.9878790815384141
0.9941293943241368
0.9999999995015969
0.9995556366801467
0.9950137197689922
0.9942698500924346
0.9968089190431805
0.0026448095082014585
0.9993181419109177
0.9952446007002919
0.9939647054786546
0.9990762325900622
0.9936558505549085
0.9859336710088022
0.9957700195159194
0.9885491190157798
0.9999999999980389
0.9965699045139573
0.9939637970103322
0.9959150270583993
0.9075056916581188
0.995576985565763
0.9992851127397717
0.9997508223936551
0.9932688257732532
0.9938876445732735
0.9945712396284828
0.9951420573903081
0.9870262653036513
0.9980079936933729
0.0
0.68774187483288
0.9952510921007008
0.9979031465425539
0.9929423217690313
0.9962043685699384
0.9999999967676274
0.9999999984453609
0.9924180474146325
0.9846546671079601
0.9972339877838459
0.9954677807302129
0.9835320727405115
0.9952229532210106
0.9944050071792156
0.996870646159091
0.9130643054286718
0.9893166541008687
0.9941145490709365
0.9911272325293862
0.9932492834956381
0.997489564542958
0.9940990178999084
0.9941585899547893
0.9828806207133953
0.9990269308266776
0.9863748973323455
0.9833565367981517
0.9974454393386039
0.9926908705741379
0.9950973247332838
0.9960799423371948
0.9991391089292017
0.9878153837436082
0.9999965858016272
0.9990690976106076
0.8651424713303848
0.9963591639269005
0.9951561389026646
0.9999999996767883
0.9978194530988095
0.9999999995358451
0.9999999983031955
0.9992569894622714
0.9991328062425688
0.999123932010346
0.993766264113224
0.9920808375363714
0.9969111893549214
0.9999999984467536
0.9877125434727697
0.9944531059277002
0.9960421240035305
0.9976105138142666
0.9991540679764298
0.9880486465495041
0.9938064254730892
0.9936102622362127
0.0011983491176539073
0.9991325021538661
0.9889788354807647
0.9994377560766761
0.9931852486607977
0.9963707516379819
0.999610611069206
0.985925268033101
0.9868705746840774
0.7545007606331573
0.999294596501747
0.998963676607162
1.0
0.9992202187350212
0.9992254621110526
0.9835056381328321
0.9848098072056616
0.9957610030852934
0.9999743822167896
0.9652264268658908
0.9945282593553431
0.9846537549106507
0.9944396207350972
0.9957109643774953
0.16515337783125802
0.9900542169209509
0.9945362052945382
0.991646198294244
0.9993298055784525
0.9981607941447371
0.9926867948964355
0.9875308803414048
0.9815709842704481
0.9977948761635684
0.9971561849089089
0.9917328389381534
0.9999999985519423
0.9940650349643513
0.9940923500757427
0.9365478796855946
0.9892192678517011
0.9921990055676466
0.9941287404556269
0.9837727600524132
0.9957041019150324
0.9927173835110759
0.9938026066023834
0.9972228545529735
0.9989447223594695
0.9956230088597634
0.9875696485628619
0.9844876357314548
0.9947935368861831
0.9981643746309311
0.9876881454407482
0.9872618169131734
0.9968431620853246
0.9999177750373551
0.9902342119115888
0.9912886508176999
0.9941845758688749
0.9991017807626534
0.9930328590963258
0.9832374714000709
0.9964368024303849
0.9935235074223763
0.9975644466900124
0.9980993507875763
0.9990605172491522
0.7919030340657832
0.9991520472636746
0.9877306790318583
0.9544791759920546
0.9930502944258146
0.9841099487984527
0.9993054636155967
0.9863525283142908
0.9932782838186133
0.9944844280524063
0.9848502745906622
0.9949175267694728
0.9937947541486889
0.9970014237161126
0.9959684891873436
0.9920135991978857
0.9978438723122011
0.9937796403753334
0.9957041019150324
0.993996149259527
0.9990079435968378
0.9875291440785432
0.9940541867741488
0.992662258591604
0.988860295344023
0.993258260206659
0.9842342750308907
0.9922845950441016
0.9953700921195899
0.999344539200057
0.9863728441541894
0.9991146797987889
0.9977072886172649
0.99922475859949
0.9981692871490689
0.9920171980028701
0.9970696651104284
0.9936271619758016
0.9923407113318286
0.991397224803506
0.9965355971795433
0.9997365564317819
0.9949582505582478
0.9884326776455105
0.9940776563037736
0.9974183550907765
0.9937848595651477
0.9984884586268379
0.9978917147291008
0.9999946845308061
0.9999999999996447
0.9992299095591683
0.9977574385050377
0.988876131561216
0.9875620852538731
0.9993356121213166
0.9999998635084162
0.9842962724672775
0.9995843630096539
0.9961424291701838
0.9989800256853454
0.9823906880221911
0.9938444671490017
0.9927025267708922
0.9957041019150324
0.9966659942391666
0.6462006568472357
0.9944144877816837
0.9999999999998153
0.9999999995288249
0.9953186046063304
0.9942336460995849
0.9999989562670681
0.9874806732966122
0.9992609461150522
0.9846632263378419
0.9938420535358351
0.9979556198761576
0.9951569991518604
0.9951758077855581
0.9991482125172714
0.9925831003443598
0.9962159791339945
0.995363106775397
0.9968215219961828
0.983199637070214
0.9858237654191979
0.9973036789923926
0.992167614392418
0.9930333781628571
0.9870538824705879
0.99430086756792
0.0023837614806163916
0.9991441112485597
0.9936853974890688
0.993156596919371
0.9845008760205138
0.9932859395778421
0.9939181988605149
0.9946238779376987
0.9942219103036741
0.9940401922381144
0.9939323576603631
0.9968912536393372
0.9993409422294159
0.9871757479651105
0.9947340237974281
0.9991444134034404
0.999381639654842
0.9932779683686284
0.9999999994892903
0.9972201204835741
0.9994837323817033
0.9991786467210034
0.9991300996711405
0.999010001848641
0.9967703896255992
0.9937758688838836
0.9999465673867365
0.9895480648140735
0.9946641959440488
1.0
0.9995067311618544
0.997613622755754
0.9941652335810803
0.9888619632904792
0.9955898781300213
0.9950223439955881
0.9991548905064632
0.9832994481437176
0.9871180723242482
0.9933951193291213
0.9929268843384714
0.9993090691322752
0.9848284146115702
0.9927286457644015
0.9950040238034549
0.9999999999991616
0.9998709055143368
0.9991720813017554
0.9610291733783674
0.9994947253555313
0.995253478461743
0.9952393088819214
0.9825108427102042
0.9929413355199529
0.9955227870955765
0.9846228274868607
0.9999999973461513
0.993582968380146
0.9915917846670894
0.9926466857192396
0.9991811596628958
0.9992094637722406
0.9919866489977991
0.9947340237974281
0.9870939215565053
0.9931987538523057
0.993768132638756
0.9898504783595418
0.9920621600982743
0.9885465929234757
0.9939969486572592
0.995518311848691
0.9888694662065555
0.9850688086555909
0.9997640326247856
0.9946075770091248
0.9991546342754458
0.9964977256065954
0.9940821125307742
0.9801520198218142
0.9993265690508123
0.9979621998174145
0.8837498536858074
0.9991953537693612
0.9868582430013236
0.9815295248656234
0.999362439610759
0.9953027008707505
0.9996580630440778
0.9859231665701855
0.9868698648861599
0.9991115054157909
0.987783151822572
0.9837140181212339
0.9205386067413636
0.9881788838618805
0.9917411041584662
0.9967757958582179
0.9960882524675894
0.988876131561216
0.9933514633497342
0.9943995072295568
0.99999999999919
0.9979479802090748
0.9933658471310893
0.9980436794371608
0.9857984749331052
0.9939674170931854
0.9999999996917097
0.994099699634449
0.9962802552117008
0.9990816626029599
0.9999999995243058
0.9955417366367655
0.9932878051870409
0.9929412274178877
0.9940585389535564
0.9992483613037103
0.997352745775659
0.9913331682625177
0.9918932966571212
0.5208473935112924
0.997714663043504
0.9931110033939059
0.9926375623695392
0.9999999983676844
0.9976926272779714
0.7945943366934768
0.9996094510364762
0.9991706397316512
0.8936517497591215
0.990175482099322
0.9832125660141883
0.9991382863913448
0.9870341416037791
0.9679478974201161
0.9940884532754023
0.9982302071683049
0.9943332087954683
0.9992009740748378
0.9997549661999848
0.9961449472436944
0.9940774571591504
0.9973816373821583
0.9991686702530327
0.9965158021547297
0.9944414778217929
0.9888752985927419
0.9973168888173582
0.997152060318196
0.0045917699512069456
0.9991260851122775
0.9885559740912623
0.992567506226223
0.9976134743851612
0.9931313530584214
0.9955594870721437
0.9938254151820598
0.9959159024884426
0.9936636138042086
0.9892171881466232
3.455211066375371e-13
0.995059746692492
0.9933148303949936
0.9859231665701855
0.9992393696487469
0.9912445364366832
0.9939065012994028
0.9982012482956216
0.9945081469562684
0.9935723721461324
0.9945715940415198
0.9878779050728977
0.9990934328994299
0.9953548053648161
0.9938737399605456
0.9991461729825498
0.9999999965141058
0.9855289854371152
0.9906488846315433
0.9835252615227676
0.9999999962581967
0.9941594692829381
0.999998863960363
0.9991859364810781
7.484760345322669e-29
0.9866121555120263
0.9937848595651477
0.9949094591240696
0.9935690929490957
0.9989882931047567
4.829094706716692e-05
0.9954755498692752
0.9997589299062933
0.9881322981142753
0.9923451705587754
0.9968345801040307
1.0
0.9943718292405451
0.9992673271240343
0.9996028142693338
0.992870478900329
0.9992246233730232
0.9937848595651477
0.9308307837577129
0.9853700166665291
0.999481648600988
0.9994968913728188
0.9990444346578529
0.9879705596824073
0.9997681671942957
0.9969194622297847
0.9992451682808509
0.9977795067475008
0.9991321983428086
0.9995383545657007
0.9950552001907047
0.9999613998427476
0.9937633400801881
0.9959615093884431
0.9991627443378699
0.99740945704964
0.984887734300278
0.9942403379180409
0.9991306471008209
0.9940199326096681
0.9939041069371288
0.9978934300124808
0.9939633427286974
0.9997907460124394
0.9950189021532768
0.12733766476943292
0.9929071793921798
0.9850978130644706
0.9941538068666729
0.9953517685177004
0.999215255497272
0.9957041019150324
0.9837715513207838
0.9994209381002667
0.9972702126099571
0.9971292472184858
0.9991447542255636
0.9967496425797933
0.9980155399021162
0.9969758635828205
0.9924439548726152
0.9992524599478072
0.992365116716795
0.989731112381537
0.947625991606919
0.9998267622909913
0.9853002494903862
0.9930823243770621
0.9994287827849893
0.9935705822787743
0.998343252684777
0.9876671712358317
0.9848890980201503
0.9926626752884717
0.9999999999989768
0.9950715480571527
0.9922193748010723
0.9999752250458083
0.9982221021826881
0.5645251287840105
0.7639222679481209
0.9946924782419645
0.9944705693652428
0.9888611293459881
0.99827908529808
0.9991522685847541
0.9943182177421092
0.02561987244862517
0.9979319072373039
0.9838272791388444
0.9942221874837124
0.9882740083197497
0.9881577825631117
0.03994793341618913
0.9993771938570577
0.9991157423166205
0.9883099360523901
0.993250584961338
0.9861267998780038
0.9999416543980377
0.9892171881466232
0.999999999875854
0.9991402250845639
0.9837715513207838
0.9969001699929336
0.9933115112989219
0.9855160217648199
0.9818623221283799
0.9937567337618692
0.9937028308945907
0.9922085636755165
0.9948606295827086
0.2555878834097411
0.9950723257228747
0.995123088394345
0.9997194784138399
0.999198361600365
0.9934280815584037
0.9991144801312423
0.9984485217358348
0.9933624676908627
0.9954419317877158
0.9961531157893888
0.9992089389553697
0.9954534579109958
0.9983964890822613
0.9971948727222685
0.0989840323195491
0.9975452404544469
0.9956869492147756
0.9952315841335907
0.9929699797510279
0.9949600972402377
0.9980063694489265
0.9969268507407153
0.9973406324333647
0.9999999995162625
0.987502072412147
0.9837715513207838
0.9953433841033226
0.9876388742984105
0.9924510897316676
0.9991145942478336
0.9876852295057407
0.02460853585047696
0.9927770229039636
0.9927811807148363
0.999999996113246
0.9969407268323532
0.9944022471787888
0.992652783224034
0.9955201778159242
0.9862909914883314
0.9999999999971863
0.9940714123672499
0.26331566805735585
0.9873219433653058
0.9932690660410417
0.994380498409241
0.9928300024131396
0.9980036558927189
0.9935496209039646
0.9963865826476721
0.9968792330710653
0.9959454471293289
0.9999999995211795
0.9980519416550823
0.9943593103546167
0.2110534110685575
0.992916484901191
0.9992344816270334
0.9870678942179634
0.9960611496698601
0.9853711081112315
0.9936329142426222
0.9951474393771885
0.9936663734940784
0.003171555563843208
0.9941555558566183
2.0990305935611912e-16
0.9840824842871819
0.9950570423644305
0.9928846979871688
0.9901777671447085
0.9991830877079123
0.9951380955350765
0.9841312514294099
0.9906670050711116
0.9927649847009452
0.9992321271877271
0.9949262747573006
0.9994583011611955
0.9939701536315945
5.339230303829267e-11
0.9930624986360123
0.9956214422146447
0.9859231665701855
0.994380498409241
1.9481086929802444e-08
0.9834350924223714
0.9993373822558734
0.9952615262608375
0.9991241550019446
0.9953937518679398
0.9947340237974281
0.9959202470845997
0.9996780695527637
0.998526389854444
0.9965573020821543
0.9883666872723891
0.9840767593670801
0.9991290277943063
0.9848899879689272
0.9940907973743841
0.8139644670682379
1.0
0.9940879009854149
0.9951809347313736
0.9960644447788229
0.985107872694455
0.9853700166665291
0.9992168649095283
0.9945209073724042
0.9844511139509948
0.987950745991293
0.9976105138142666
0.9973444420073984
0.99382459815531
0.9972927859764318
0.9996550919542879
0.9996526779467789
0.9999999984869987
0.9941886586786712
0.9953173520302325
0.9978614029462469
0.9940079771808533
0.9975687401704876
0.9835252831253207
0.9973179036951362
0.9929160064687788
0.994942836851993
0.9936050670470314
0.9866391621407259
0.9952235048018401
0.9945615081326092
0.99303100605805
0.9930554483702696
0.9945615081326092
0.8972906591062988
0.9946304577945726
0.9944165590773162
0.9941266438871631
0.9999999961211188
0.9979875367439774
0.9999999999951967
0.9977903847216446
0.9834745907979664
0.9883370336965417
0.9827963062235259
0.9932783909086892
0.992933202949389
7.174921814119249e-20
0.9938831621956998
0.999435462472428
0.9969304313430346
0.9942165304408963
0.9970240632539893
0.9951412878863388
0.9941698885717264
0.9965439913894025
0.9994953859404059
0.9844106390553522
0.9952496096645607
0.9939322344334408
0.9923868870214716
0.983783058321798
0.40856337172477036
0.999207931633566
0.9973112682935729
0.9996176912100804
0.9915852649550793
0.9922012250429569
0.9958226504908763
0.9948348155730428
0.9936752649860628
0.9937310497619678
0.9967982733423982
0.9877192879522271
0.5698414050913144
0.9857562639542728
0.9969802219691698
0.9939633427286974
0.9990705891374212
0.042499291505045556
0.998215930996577
0.9992716798274272
0.993957995079298
6.578892301022717e-10
0.9727458906034279
0.9921680894830668
0.992615727973796
0.9834825770985598
0.9930660828111371
0.9938474924195922
0.995201168968502
0.981900356150304
0.9933225538033198
0.9941260998959403
0.9880072191424493
0.9947405423118534
0.9996225496800977
0.9941550260249215
0.9990090544486102
0.9973160549058252
0.9999999961170829
0.9927939586355314
0.9969387035936698
0.9925617340961569
0.9876510977275555
0.9836302994758872
0.9870224711117722
0.9972907483985285
0.9937088974762459
0.9953232727689707
0.9857082962448175
0.993453492878228
0.9867400507616056
0.9928473923281127
0.999797605777115
0.9994269512199675
0.9967864843433205
0.9957354159396439
0.9931919253164703
0.9991686636003845
0.9927896582157049
0.9991609057970094
0.9955696432921699
0.9943582353441529
0.9992091783094151
0.9979040900919407
0.999138529186538
0.9991859264893529
0.997793390954937
0.983476130488894
0.9991872377764444
0.9942299812116225
0.9845125894203824
0.9993090392680366
0.9941851154959873
0.9935283854835335
0.9927803975818303
0.9856043951709107
0.9990430396654192
0.9999999995321787
0.9893097044947522
0.9994706294378652
0.9942165304408963
0.9991780715665234
0.9978523700016984
0.9991299103873892
0.9883387799467425
0.9921335609825528
0.9951893776376367
0.9859347210573237
0.9957252863830809
0.9936308698865626
4.6978610530468143e-61
0.9824730489045242
0.9947292201858062
0.9945314045565096
0.9896946887909075
0.9978456417964622
0.9876290839894848
0.9848962780800827
0.9991837540507339
0.9931411335074919
0.9961736652329893
0.9880566926257216
0.970891173785284
0.9955081036820627
0.9992712750241175
0.9968009551690048
0.9812150896839359
0.9847315580230425
0.9957440172919383
0.9991479265382422
0.9975746683213681
0.9944083576186749
0.9955046838120002
0.9936179784129564
0.9975185036697459
0.659360915633952
0.9969328466672248
0.9850465453356656
0.999191105949621
0.9851755202862409
0.9802832248810713
0.9849592437434656
0.9990994618083582
0.9951306389144104
0.9836425388927049
0.9870987942462469
0.9950318794854576
0.9885636815395387
0.0714342926921719
0.9859231665701855
0.9921898656643969
0.9947340237974281
0.9994519912280826
0.9863728620745645
0.9835094352416851
0.9934670442491033
0.9956065733878755
0.9929864609084962
0.995265411966281
0.9990375517035843
0.006518083851720194
0.9939849393489801
0.9985533304317737
0.9948141190143295
0.996569182029101
0.992427518304193
0.9935093258214824
0.987973704085417
0.9124704836242387
0.9850866816224656
0.9947340237974281
0.9845080169625415
0.013458510977993806
0.9991316492931649
0.9969466184458451
0.9999999969826092
0.9926507732850975
0.9995485547284993
0.4512432874153495
0.9986519160228126
0.9990348855732366
0.9952511132617264
0.9943847277474879
0.9951325729240029
0.9938542200960865
0.9980057667330166
0.9828323991058654
0.9991746703143425
0.8139644670682379
0.9926335636994783
0.9941640563132464
0.9991466291836726
0.9955609514884171
0.999078547488831
0.11571381215717082
0.9992190911241862
0.9993745351519193
0.986559609087763
0.0006672667303411445
0.9975383847487732
0.9928078071935944
0.9981607941447371
0.9989828031130338
0.9995581880720986
0.9941581502447522
0.9955325155410942
0.9992344816270334
0.9999999958683929
0.9991531949777893
0.9976354880163978
0.9991549190616756
0.99800712260557
0.9928406147528797
0.9993270736224426
0.9990664364835519
0.9973989978639246
0.9999999965240249
0.7051975480284877
0.9932994097862847
0.9853700166665291
0.9999999963857817
0.9967625573704119
0.9999999996381916
0.9948507733225205
0.9926323879471243
0.9992065111461352
0.9997457685158198
0.9947340237974281
0.999194262245973
0.9976143768420014
0.9990930751964215
0.9932037985547029
0.9867188217220811
0.9952005519803914
0.9992089389553697
0.9996509228771794
0.9949988731029253
0.9999999999998863
0.9930954411912021
0.9912635181218457
0.9952225809901347
0.9992927723303843
0.992610828599175
0.9941663669104497
0.9833340200341308
0.9933006523908614
0.9950763725357415
0.994883946129629
0.9950644853336977
0.9929864602550635
0.9868610245744569
0.9983125019589926
0.9999999995439737
0.9855635032641222
0.9991317303165947
0.9992198461944376
0.9999891533104445
0.9923075931882022
0.9976065006015343
0.9973490326475192
0.9879534496232598
0.9999999984849239
0.9980436794371608
0.9950442263746374
0.993256657126033
0.9869578929514751
0.998677108431655
0.9942252397465201
0.9952068811910963
0.9975884076715479
0.9999999961846413
0.997917488124115
0.9889268342567681
0.995249626762284
0.05699650245296771
0.9990902345572976
0.9978236808512754
0.8162882661534844
0.9955687861801744
0.994780813523606
0.9922715055829819
0.9849682191879375
0.9921613886557051
0.9991513199768887
0.9991477569068602
0.9990086100213855
0.999318644677698
0.9827571125026489
0.9927953395638592
0.9991585673276512
0.9999999958448313
0.9927951270052165
0.9965597917565923
0.9848967046261411
0.9999999973337879
0.9883355623201463
0.9945776528740662
0.9958905483333033
0.986774270773142
0.9998823384118997
0.9992729668389371
0.9883355623201463
0.9937857947909694
0.9937651944803982
0.9991138682708957
0.9945708228343303
0.9993094416860153
0.9848590603751519
0.99522905711934
0.9966802832628594
0.9946830894733972
0.9930798705128872
0.9925793224235063
0.9930499046741426
0.9992164980260005
0.9953641022868138
0.9954260359684817
0.9996408336794327
0.9990848593573642
0.9920060007489406
0.9971883401241801
0.00019415806035254476
0.9968920432516798
0.9707217872358018
0.9259703911143267
0.9839850288654495
0.9993189475671017
0.9832511928989075
0.9915505804068613
0.9993454817537327
0.9999564158427664
0.9996817708922549
0.9989955401345648
0.9885516901115391
0.9945133600896198
0.9853700166665291
0.9815078938258212
0.9925425323348782
0.9966317044206653
0.9923862893202947
0.9947124367573014
0.9946142704499799
0.9943132560702881
0.9972717333037651
0.9952477202535204
0.988860295344023
0.9936193055071463
0.997646921591731
0.9932750645021142
0.9872001563988401
0.9992193134109325
0.9821400226436028
0.9969488718140999
0.9925473481845265
3.8179211842807085e-05
0.9837715513207838
0.9883134357725357
0.9975307324182375
0.9929942627007139
0.9945858117647344
0.9959289678757465
0.9933661366628184
0.9995363379134156
0.993590895179877
0.9992000732684287
0.9999999995168309
0.9932989058325461
0.9971247024967256
0.9999914852544537
0.9847177192189316
0.9998990329216892
0.9999999995286828
0.9999999995102371
0.8456325605995283
0.9941823788428387
0.999029107227344
0.9954718611442541
0.9927133306827475
0.9985809681730534
0.9955549043631172
0.9934621672268972
0.9999999999991473
0.9966093815813646
0.9996362161821881
0.9922070164541228
0.9999999999975557
0.9950047679279652
0.9795267598171749
1.5720030187895572e-11
0.9927616813201503
0.9989632483196217
0.8190384180284802
0.9947372080597586
0.9933629902589837
0.9004105370644654
0.9945275986124924
0.9952776475756543
0.9936276415149586
0.9715700857762554
0.9994215077736278
0.9999449347089564
0.9938151216533196
0.9993445628724623
0.9973404697635516
0.9721896228053202
0.9992304793096615
0.9979109592641345
0.995055179997469
0.9928233099359045
0.9859305204320786
0.9946896326427318
0.9939669710986295
0.999220900394039
0.9876292918090971
0.9932036792179513
0.9940359487577203
0.993589951676372
0.9993854151339736
0.9972728121970778
0.9997327646806536
0.9972248479700982
0.9875283113747444
0.9841643369262496
0.9956351526431265
0.9956897779669135
0.9991499458194919
0.9951969340661444
0.9944262833397041
0.9947764422170847
0.9991232733692423
0.9958130380988496
0.9853328726975352
0.9999999995280007
0.9980036558927189
0.995321073578013
0.9924923283857817
0.999342378284697
0.9077793470092945
0.999773091061901
0.9747888224442047
0.994351468976178
0.9987950687285195
0.9993760425305608
0.9946052563137153
0.9954378069887524
0.9995302574651114
0.9994116957520833
0.9967479116264497
0.9999999995391988
0.9972570740980454
0.9876098487848688
0.9837608395900996
0.9992001104132369
0.9920822437150311
0.984887734300278
0.9999999958506862
0.9949118830957795
0.9999999994656719
0.9879498446567393
0.9933823301155985
0.9973758642936545
0.933536068397565
0.9883501247140446
0.9991068869776184
0.9134867583123222
0.9974838025437908
0.9949272572583
0.9904135955381576
0.9948835743177549
0.9935308064899968
0.9999999995652615
0.9990366636203251
0.9939633427286974
0.9949217171239961
0.9951284739793583
0.9923522378780394
0.9992471299956003
0.9975937238700381
0.9844765918533278
0.9977251279524735
0.9946323624593459
0.9971118181954313
0.9999999984567864
0.9938544718846879
0.9981404298506851
0.9936105715345678
0.9927759974682363
0.6493084546949528
0.9949250042318907
0.9929410061092202
0.9942280704950829
0.9941577105040825
0.9969225538500267
0.999301120469559
0.9921881048994206
0.999040994458561
0.9973090363177246
0.9874874595781611
0.9999999999991758
0.9976029475657123
0.9942852531177034
2.9852699356373033e-05
0.0876096357546669
0.9947479980421872
0.9959357528471336
0.9950863658927315
0.9956092647578845
0.9939425756807203
0.9992180706372789
0.9936679710999168
0.9991857417074723
0.9925443607145121
0.9931020417803803
0.9837715513207838
0.9957111139157846
0.9922018066311336
0.9926753033334889
0.999594890745139
0.9993481235076455
0.9885481145207503
0.9953414464594403
0.9840648906384314
0.9981616682617438
0.07770609470589776
0.9992061498855778
0.9950895609541158
0.9937723294035011
0.9937787566516135
0.9855753513291479
0.9954072840324796
0.9936065101782365
0.9938119812944034
0.997340284532326
0.9339778752846327
0.9927949178880405
0.9914043770024947
0.9939917757543517
0.9946040739898668
0.9975221655430243
0.9945160412997222
0.9835450416882469
0.985058480979705
0.9991313666949131
0.9969839246820164
0.9980585642130992
0.9991446935573844
0.9927154785500641
0.9941077466163459
0.9959343182555623
0.9934667092488046
0.9883099360523901
0.9934443141456718
0.9990699592094044
0.9999999986362411
2.2314459648229677e-92
0.9913832680313205
0.9954159287664105
0.9941932991970034
0.9940714123672499
0.9956214422146447
0.9941307498646711
0.9981756915999845
0.9952117514676697
0.984887734300278
0.8270152116784639
0.9935130637655738
0.9990941412310899
0.9882783951794798
0.9941170170449185
0.9973581902190479
0.9963040588248777
0.9998098912630731
0.9927474885450398
0.996587809418034
0.9928500209553351
0.9845608586685066
0.992321450717758
0.99970529287668
0.98800923840714
0.9979534006816349
0.996749715110498
0.9728102485386819
0.9949693664994742
0.9957233701872599
0.9935470553416348
0.6912844760600477
0.999350437118268
0.994046583316349
0.9999999963846733
0.9925856559039407
0.9969070452843241
0.9925260225126364
0.9973394988915207
0.9928409447650764
0.9944308397401519
0.9970886944871182
0.9936075465049707
0.9868783842562695
0.9915652679117194
0.9851923482298877
0.9868399124094429
0.9990165103184073
0.9929470000663203
0.9980050130998714
0.9950054924238829
0.9975644466900124
0.9991401538550047
0.9937928048346989
0.9997516420990765
0.9980507921480745
0.9982775653948015
0.9960503092382718
0.9968504563359721
0.9968083341369154
0.9985645435853906
0.9931585140649631
0.9956214422146447
0.9936472516844223
0.9969416677786246
0.9954546281604362
0.9933515039519538
0.9958652227760318
0.9944350211041877
0.9954895546744138
0.9941675119443539
0.999948364630572
0.039719562057830816
0.9848584782530784
0.9999999995594067
0.9943865074912026
0.9922186912451632
0.9921389904111773
0.9930116352771262
0.9944558311650307
0.9823831143935706
0.9956108798075846
0.9992859438586595
0.9955696432921699
0.9993297939358609
0.9845929916085479
0.9941779670381767
0.991956949996432
0.999454202468654
0.9940759000986219
0.9956356200986182
0.9938600546697619
0.9998796852123838
0.9955609514884171
0.9951297684507799
0.9837642043367009
0.9990836571707462
0.9948241710499601
0.9859231665701855
0.9999788946012511
0.9834945784159749
0.9806319403840301
0.9924108977797692
0.9957044257639666
0.9993457513368593
0.9991407539958433
0.9973118206933062
0.994954421573107
0.9992498460205171
0.9980681868450215
0.9927963470694244
0.9931318450697049
5.33211693531214e-05
0.017352621127645313
0.9947807215631415
0.9929940388915861
0.9813005461976969
0.9832374714000709
0.9991455615446299
0.9887334140337178
0.995809471864384
0.9948449360939365
0.9938287138209418
0.7617537761123152
0.952031704424797
0.9957998784962715
0.9993648099133132
0.9933029364812623
0.9992989237004294
0.984452272867203
0.9849170079986513
0.9988947392292263
0.9924031351481531
0.9941136012030227
0.9925180757111983
0.9881965220186733
0.9999999984925978
0.9853700166665291
0.9995755702227189
0.9991279054523192
0.9979725536599834
0.9941225217859404
0.9952380548490442
0.9978540015406256
0.9971352684861677
0.9961291080448453
0.9877424607715107
0.9978743006877178
0.995675643573492
0.9951633963451348
0.9992713852851755
0.9955666363784251
0.9920819947916727
0.9892171881466232
0.9947340237974281
0.9933940391151369
0.9978887672885709
0.9938979303331283
0.9951793909723506
0.9991211845319353
0.9999999215454269
0.9933442458554705
0.9522256307385534
0.99540036633853
0.9972353490293513
0.9975199924004469
0.9994887296751849
0.988079016719085
0.9930033905291432
0.9945820629225148
0.9927970167203809
0.985547332438648
0.9991749043417816
0.9994011557753633
0.9946874380274106
0.9945410403366849
0.9996243022555681
0.9929821309366489
0.9949982931802822
0.9859231665701855
0.9999999995388578
0.9943510414117513
0.9871459785577732
5.4539932787864555e-14
0.9931020417803803
0.999069003678495
0.997480432571722
0.9980993507875763
0.9929741375265158
0.9943826134469564
0.87451191548581
0.9884223791267455
0.9837526004220981
0.9977869070953864
0.34021203660819455
0.9997836165924607
0.9990959526838159
0.994380498409241
0.9952926317649458
0.9928511129975189
0.9998912780478934
0.9943488996624725
0.9853700166665291
0.9997465577861269
0.9937960952677868
0.9999999960081141
0.9937051083022346
0.9973297176999669
0.9882889174870375
0.9926501552546005
0.9952741992474331
0.9819970860216356
0.9926622287248729
0.9929533416410692
0.9832755524828104
0.9927934905316379
0.9995563103661061
0.988263473697016
0.9987834750852375
0.9947915799282483
0.9939091429950097
0.9951979541344623
0.9990095965995646
0.9982518471842811
0.9853700166665291
0.9991282288009778
0.9993968247242796
0.9953292240646773
0.9989723774766334
0.9844881600822846
0.999431445040982
0.9955687677893693
0.9843638068016466
0.993574680821147
0.9879498446567393
0.025710679161588694
0.9648553934671996
0.9990247050937805
0.9983865361542844
0.9929459022832309
0.999968412544839
0.9977291469380124
0.9952380403174608
0.996872581929165
0.9943108630366572
0.9847315823941074
0.9992405059039767
0.995849834408591
0.987568790005355
0.9975053421972075
0.9951669508318871
0.9929967924896108
0.9823368984451556
0.9972227790856245
0.9992059871995448
0.99999999560265
0.9987126519142102
0.9991114211328102
0.9097802297942698
0.9999999995356177
0.9975834657098469
0.9991722857737453
0.9965121340046468
0.9939132396892633
0.9976231306625125
0.9876126280774713
0.994655509012475
0.9874248772168529
0.9937361897379313
0.9837502789168077
0.998074176508524
0.9930719092990387
0.9978045712935625
0.9952030830171655
0.9993716304455785
0.9928137591793808
0.9977585012696071
0.9885508331386185
2.711159684902347e-25
0.9999372136472721
0.9977265809404064
0.9402753225205126
0.9951021684497116
0.993126314060069
0.987897845373136
0.9929461541824288
0.9921722011778517
0.9990914958181154
0.9993912147948348
0.9953722460229877
0.992431664627679
0.9953168158521343
0.9932984018437176
0.9938197308976533
0.9840815045938517
0.996122275813541
0.9921622722119283
0.9991059271345388
0.9678722275306934
0.9947677624603253
0.9868207630442457
0.9932029075762571
0.9945670106106345
0.9830340474935791
0.9917513414122042
0.98357412344056
0.9988015139748846
0.9942165304408963
0.9938339128817707
0.9999999971219609
0.9942044891590532
0.9922240799654191
0.9932428103510285
0.9972235078479614
0.9837715513207838
0.9921734046775582
0.9934737733422293
0.9651076171220793
0.7134635336629794
0.9123752888070955
0.9969385642159313
1.1312833231347709e-18
0.9978131417245604
0.9943005655570755
0.9992600846765372
0.9981033685098004
0.988860295344023
3.093231932275501e-05
0.993630423819265
0.9848562564475636
0.9992345395407002
0.9973790467719742
0.9993630667551257
0.9958633213285802
0.9844511139509948
0.9950642350183233
0.9872147403796865
0.9940465157252605
0.9885516901115391
0.9968931295003852
0.9915215721236782
0.998677271017869
0.9833927405555151
0.9980062187858347
0.9942249966765063
0.9921307508830702
0.9831219017586864
0.9941321074968733
0.9937871973855348
0.9940646964962181
0.9844719623512809
0.9838769192885147
0.9990981866277503
0.06090742635548466
0.9994350151554088
0.9947857660130145
0.9919063275174759
0.9975921146373798
0.9974268816211104
0.99331175990398
0.9994727489126305
0.7280498780423704
0.9655429215819388
0.9835243871046763
0.992750194205539
0.9999999970370652
0.9949140498556797
0.9992570936364428
0.9915447467440948
0.9848922413298353
0.992867448214063
0.995756732208235
0.9973390206324635
0.9920979354171919
0.9951838768114306
0.9964694362642658
0.9927312074763496
0.9974754777214697
0.9846033254040004
0.9924514934964345
0.999231788112922
0.9963218322147397
0.9999999995429221
0.9892171881466232
0.9936741573558852
0.9934570315577577
0.9945937159317612
0.9974344462079254
0.9948459293245979
0.9999999995280291
0.9944866150405633
0.9995848687991776
0.9859231665701855
0.9949205219963781
0.9996159788866531
0.994805986004602
0.9952455902087841
0.992686414963424
0.9980681868450215
0.992200631403722
0.9979686608650931
0.9972331834014759
0.9951517514130991
0.9991427572145759
0.994583019280177
0.9925558941196099
0.9855030628047068
0.9925505816804334
0.9883544853830493
0.9982889240739135
0.9938372942507557
0.9925976231427035
0.9843200732814709
0.9993140653329134
0.9852405932245063
0.9991392112425935
0.9931302725910856
0.9851030532321883
0.9878963180504771
0.9922458023873683
0.9945284935554233
0.9923235532618556
0.9925792790274244
0.9972759833330034
0.992957702248676
0.9852925662128058
0.982326385445571
0.9975244753661784
0.9980375458016193
0.9999999957705086
0.9956236163035985
0.9973604352019086
0.9936483640795665
0.9994251855510089
0.9936776673470906
0.9998742982998572
0.9990066481368386
0.9952549533481723
0.9884241076396827
0.9935130637655738
0.9989928548873437
0.7430654561948397
0.9980078754976249
0.9940290770167292
0.999474017728769
0.992037560033101
0.49100082677554785
0.9992198166973166
0.9999999971870182
0.9990602366573635
0.9870272348135244
0.9999999995396536
0.9937832136655074
0.9994050757716234
0.9989392758089555
0.9997363518110459
0.9844765918533278
0.9834023905289369
0.9996787915944125
0.9955609514884171
0.999416297840885
0.9984357647780074
0.987842619889246
0.9937160157096129
0.9991750743806019
0.994303035161995
0.9990608641938983
0.9956150783670799
0.9943317480074101
0.9927884632637316
0.9936379858183341
0.9967658921659854
0.9999624011673577
0.05190766132013592
2.569540425653646e-11
0.9991438971365982
0.9803505107044187
0.9940997142728814
0.9885842114001937
0.9935574015964251
0.9932561374923816
0.9948732439294387
0.9867604206556179
0.9934420475172123
0.9954737819301998
0.9978226828923659
0.997981118544973
0.9951366040662891
0.9963214350778419
0.9806210230420529
1.0
0.9992587411605063
0.9925638789080682
0.9937853271943307
0.9616171200829894
0.9925228368817034
0.9841629046714694
0.9458392280988593
0.9991495771347436
0.9955609514884171
0.983784289779142
0.9880338968298779
0.9510475538898525
0.9957302971373332
0.9972513700264596
0.9839589900226553
0.9877073313465898
0.9978281791437762
0.9999999991740935
0.997453196656404
0.9882144924886247
0.994493206230505
0.9977733434576921
0.9974377598502897
0.9994219773234935
0.9837442257948289
0.9965941330549373
0.988860295344023
0.9924692983061371
0.7579147144606782
0.9929771428698744
0.9940395452167952
0.28782284132296615
0.9973413413225412
0.9999999964529991
0.9992420883640198
0.9931382526638595
0.8089274168499431
0.9941679514416109
0.9992712198877851
0.9883355623201463
0.9958831454957165
0.987152706223236
0.9981607941447371
0.9973726259265808
0.986159928599152
0.9928135117106704
0.9939867994452644
0.9869735690460828
0.9930303081362828
0.9932154381700483
0.9868787051891778
0.99820690789234
0.9976738001113759
0.9999999977619893
0.9951388915165965
0.9993667507501514
0.9488834966478759
0.9991746850431813
0.9928507066676765
0.9943896672131244
0.9953356568898436
0.9943513130855498
0.9939760506599956
0.9921690702087486
0.9986814881382191
0.984735949849788
0.99372216146484
0.9837986297415395
0.997252388654515
0.9975812543714567
0.9963797247701117
0.9627598363510856
0.9015231319327242
0.9990544707864885
0.9990218662557454
0.9959124410082113
0.9921815370952832
1.0
0.9964137525110267
0.9948673503595409
0.9944844280524063
0.9918101931243763
0.9989431247483754
0.9991644181318701
0.9999999483551689
0.994763280892857
0.9941401023271003
0.9832486988446975
0.991079605052316
0.9992952383115472
0.9989280901193051
0.9978904331528836
0.9989643733462531
0.9992000422697562
0.9955609514884171
0.9990860301021518
0.992634744065215
0.9938902950113657
0.9925467793138743
0.9956378204546008
0.9967308694885326
0.9926549712768522
0.9888636310071782
0.9992186981110478
0.9993232196038483
0.9923571646160063
0.9873603664929651
0.994392628456912
0.9957585450229004
0.9991765244698085
0.9920041964885716
0.9882511723066205
0.9898968557092925
0.9946411659497022
0.9859231665701855
0.9870262653036513
0.9996065069770692
0.9999999969047337
0.9915126732132727
0.9832449571269785
0.9859263186567016
0.9995936336209146
0.9950656008828039
0.9927981515327633
0.9954901463182135
0.998043344115901
0.9935130637655738
0.9927819515604583
0.9955347650795745
0.9816445810116046
0.993828496624545
0.9923762672788217
0.9869131694574309
0.987702711930666
0.9881467123047322
0.9921931746065656
0.995928362709252
0.9939715149583416
0.9942229551307675
0.9945837452370698
0.985170238615834
0.9943881090955841
0.9990912524665759
0.9995923287765651
1.4799201431822683e-06
0.9751400610831156
0.9950166232047745
0.9928227541797994
0.9926894553510235
0.9980207630272945
0.9924121389331717
0.9888619632904792
0.9844511139509948
0.9965430811177164
0.9922799546628376
0.9939849393489801
0.9960097799469155
0.9859766641120474
0.9970560090696224
0.995487941805009
0.000711545465087592
0.9938091784301616
0.9991699385744965
0.9931232768067781
0.9938588948730193
0.9970696651104284
0.7619186620271008
0.99915876446817
0.992635117220286
0.988860295344023
0.9980442706746098
0.9965697397028109
0.9957360607121575
0.9943304384894135
0.2610628402617327
0.9923185178136015
0.9935501000591576
0.9939911144855114
0.9953513083006623
0.9991233046126705
0.9973670120030507
0.9958126695445532
0.9982724225466646
0.9849248805020723
0.9811326873784956
0.999999999998991
0.9982443091698002
0.9948404160837094
0.9957041019150324
0.9999999995658584
0.9993492407703548
0.9990110940379683
0.9843652222183014
0.9990343611276012
0.9934486509027841
0.9950213751070884
0.9922177356784015
0.999023004099089
0.9991048321123681
0.9997765216118709
0.9999999972062881
0.9999999995358166
0.7907371328880632
0.7953250222731731
0.9867604771042588
0.9944763398493274
0.9980504686431874
0.9942571276739917
0.9937625013094588
0.9996013448591342
0.9999975482066006
0.9931922625014509
0.9949595615655145
0.9992065489464365
0.9880549050391856
0.9944039805453256
0.9970698863184928
0.9991528608546565
0.9965815810127067
0.993689023022644
0.995529484017262
0.994380498409241
0.9932890617266733
0.9993032448918454
0.9999397548302243
0.999649764446573
0.9843886765954417
0.99937820515473
0.9947406404497328
0.9954755498692752
0.9921604367034222
0.9970943170051768
0.9939517830618313
0.9997837492353066
0.9936578855519446
0.9993928908029734
0.9849052879290475
0.9941345898057138
0.984887734300278
0.9991573446671228
0.9999322689088731
0.9991330873473431
0.9999712657704086
0.9879552517348101
0.9954312689784663
0.9947365277508764
0.9982272448800508
0.9989799625484559
6.265956003562588e-07
0.9999999971219609
0.9929133113157508
0.9935130637655738
1.0
0.9923900655907715
4.207472216684742e-09
0.9583943692739775
0.982463915095937
0.9933134729603567
0.9950596485861413
0.9951003105898907
0.9091695433411493
0.994548924880786
0.993936450880345
0.9989964570210508
0.9928398424359837
0.9927618473572632
0.9879114237436405
0.9893434316611452
0.9929351218683127
0.9999999964812218
0.9951484755922683
0.8478637735137555
0.9989392085357197
0.9912982780771242
0.9924252495840714
0.9999999957717307
0.9873823507904816
3.1385783522714075e-15
0.9069383426238741
0.9992333126404764
0.98449162901206
0.9964130755668803
0.9951846265667577
0.9834933491401797
0.9931473501026212
0.9839544123665229
0.9854215938066887
0.9996260147852553
0.9917813341189562
0.9937390114185793
0.9993298622252048
0.9920076884483461
0.9952592095090379
0.9838167273553404
0.9990585565323484
0.9991228174258072
0.9991332331725286
0.9954625662557356
0.8168757233301598
0.9928513077568651
0.9929852976159402
0.9993139621009253
0.9971198926626135
0.9949309979215692
0.9945631656254381
0.988549976106708
2.309278722227443e-14
0.9876662486166644
0.9995867379609119
0.9950927315252249
0.9912007409114553
0.9915131674008955
0.9937751448933756
0.9921710309013599
0.9992285588749344
0.9990912524665759
0.9903909500437814
0.997095013308744
0.9957409119139281
0.998376851305006
0.994393105015784
0.9946019857522606
0.9971502344248883
0.9999999986205239
0.9990517586282599
0.9999920713540834
0.9943512611639992
0.992642276065635
0.9991801756009828
0.9943433808556371
0.9999200681135773
0.9932495493556076
0.7233938332338615
0.9996610535488846
0.9989891597323666
0.9918872221931752
0.9915807536580739
0.9955733158406287
0.9830182487463172
0.9991139238365623
0.9941708425203213
0.9992173121341356
0.9992032863713856
6.674561194650754e-15
0.9973956960214463
0.999969443801684
0.9990334020866551
0.9758889405192583
0.9845205091596576
0.9874652587877705
0.9942478200169654
0.9994089444598735
0.9933579655352462
0.9923967802564033
0.9938646568021107
0.9953430974203147
0.9932989058325461
0.9915021914802367
0.999330739948568
0.988673631582073
0.9941639363282399
0.9952173883888041
0.9967752743469428
0.9952609333925047
0.9827886224923217
0.9841732270465462
0.9944625448730843
0.9892179957202379
0.9949619697934593
0.9939501460879239
0.9916812061297199
0.9951658969540395
0.9999999999992326
0.9942291429649266
0.9942094813137471
0.9932442490220788
0.9970430517088283
0.9940515980286861
0.9991217779051119
0.993941135118513
0.9904184395613961
0.9989695747310209
0.06552573877485313
0.9950906678183301
0.9943169072553403
0.9855343838283955
0.9936053638658568
0.9937417683063788
0.9975307324182375
0.9981000688180032
0.9973221251253803
0.993790001695823
0.9956438849917656
0.9820015361876578
0.9937839949917534
0.9840648906384314
0.991364477408442
0.9979031179867561
0.9837715513207838
0.9882976794417517
0.9978307536505753
0.9831557945438509
0.9855257455162441
0.9969000298724335
0.9992464804140869
0.9977992545699252
0.9938779249164622
0.988860295344023
0.9994295205631779
0.895102735571541
0.9974532219826989
0.9983484341463482
0.9950953980145079
0.9816628981231433
0.99564137308077
0.9991937241084248
0.9925700849523202
0.9955849824482927
0.9944537870936061
0.9993048578063431
0.9999287979370574
0.9937818815242587
0.9876005803383326
0.9947688862972566
0.984887734300278
0.9933218685857423
0.9968403781163491
0.9980519416550823
0.02097549844118105
0.9941298994708109
0.9932363530688263
0.9925889651375743
0.002288750938276748
0.9980604531219562
0.9837715513207838
0.9939803970554744
0.999999996088377
0.9991693154082143
0.9855828863663185
0.9851558511552861
0.9902883394312285
0.9970720975460696
0.9883396529816643
0.9990680137869596
0.9977193968322031
3.823164140243676e-06
0.9953738005270005
0.9937305476676195
0.9991787902832976
0.9999999963959283
0.9974195668106318
0.9949657492586
0.9970950396150938
0.9992275106253796
0.9818875331117843
0.9933480572910375
0.9939257122969883
0.999086947869753
0.9992644549671337
0.9784642196841746
0.9920521657332458
0.9935138039500468
0.9913960646527871
0.9952171409804765
0.9956946826403523
0.9974601751683863
0.9977725815170965
0.9975309189069553
0.9981134752230949
0.9842082949151604
0.9968293566691513
0.9939340444854198
0.9974064629350952
0.9945858789117418
0.9941890112834364
0.985574274600696
0.9939695112939998
0.999585043877796
0.988860295344023
0.9990947483651401
0.2833572712228407
0.9974831310615732
0.9988705565860323
0.9859242173375956
0.9994688916372306
0.9947610505276332
0.9984575929030528
0.9944844280524063
0.9951618028279212
0.9932511526150597
0.999999999998991
0.9989871086725862
0.9968897309026356
0.9932928144688569
0.9839500761218923
0.9939495067262049
0.9954201231199458
0.9949588018080244
0.9944885037902887
0.9940175629440117
0.9999999995869757
0.9877656748112453
0.895102735571541
0.9847905223332442
0.995945012412297
0.9931640413471988
0.9948939534131832
0.9942256148246361
0.998995582031514
0.999208879106331
0.9994711404088834
0.9939858700583203
0.9923917667187463
0.9955612860807355
0.9933885250496178
0.9892179957202379
0.9935887030167486
0.9930720432900823
0.9959711774278155
0.9991458536725599
0.9977751344677853
0.9920369914499776
0.9944844280524063
0.9943879914731062
0.9953503671007363
0.9938106114652613
0.9991942573047791
0.9980436794371608
0.9890665705606689
0.9994406509967343
0.9837715513207838
0.9880852605880185
0.9969292413042894
0.9938649344904328
0.9970825271482445
0.984788252051387
0.9938543394450459
0.9870678942179634
0.9827873415657552
0.9939871178921917
0.9928288733079049
0.9969855161510959
0.9941345898057138
0.9931710018599915
0.9881083183341876
0.9938934383227328
0.9921722179150536
0.9928412773865549
0.9790063158794253
0.988055615608051
0.9959790238367
0.9879534496232598
0.9875195705064905
0.9993139010175415
0.9947340237974281
0.9996604543438365
0.9991446651094373
0.9942165304408963
0.999100826770651
0.9866011453804814
0.995195486192768
0.9957796671931302
0.9857233350822414
0.9979523573840448
0.9929889904052833
0.9991196434857268
0.9945226861146488
0.9977603737010767
0.9855235851996978
0.9932136992798377
0.9940434455731282
0.9996042647718603
0.9985837205507885
0.9786725642749523
0.9993459222506844
0.9970594472213417
0.9921539495214833
0.9947340237974281
0.9927276772755784
0.9878797190743722
0.9973686540166915
0.9936362856281437
0.9875991102701631
0.9981124230427794
0.9939849393489801
0.9993469335103498
0.9991565716212496
0.9947787535057167
0.9999999998142926
0.9870388637452715
0.9898204686853138
0.9946204454455108
0.9999999958693024
0.98412415345724
0.993781183903751
0.9941053439386759
0.9995567171455378
0.9943446761767927
0.988543157470342
0.9994828059525506
0.9833477011550817
0.9920527626883282
0.9938737333512027
0.9925956792344903
0.9939149500787994
0.9949991831115823
0.98558719048204
0.9832798501413276
0.9939849393489801
0.005912399707936441
0.9885551174132928
0.999999996113246
0.9875821898937024
0.9999999995174562
0.9970140460474779
0.997443007118615
0.9975307324182375
0.9955636275722964
0.9990376539766773
0.98196065068876
0.9980489945955168
0.9952045287683366
0.9999296803929312
0.9980681868450215
0.9999999973418596
0.994407446629733
0.9934573986560534
0.9937491431224617
0.9874540114577858
0.99759216500079
0.9926940295299312
0.947193743584118
0.9853700166665291
0.9958703847005326
0.9998400593000323
0.9992932466162332
0.9921925818233587
0.9973447268112355
0.9993409371330128
0.9960807433622724
0.995734297799807
0.9879570535985895
0.9885516901115391
0.9840740209702611
0.9853700166665291
0.9949905398037504
0.9953386921498868
0.9957482585351864
0.9974009049332985
0.9948190066865604
0.9931014340434876
0.9945861515366902
0.983537550380982
0.9951905825717823
0.988860295344023
0.9930549728229647
0.9938796095453316
0.9954443363233335
0.9977197816724896
0.9999999959300112
0.9939638685164088
0.9845447304320444
0.9967660210099096
0.4279467472168518
0.9837553144127011
0.9936050670470314
0.9995151702900569
0.9972409474110302
0.9951506700191931
0.9963270499753345
0.9848899879689272
0.994279563714709
0.995232180386167
0.988865298494119
0.9933105051230599
0.999999999501398
0.9955609514884171
0.9936319381718107
0.9879637951374873
0.9845755232877479
0.9932264478309001
0.9985082410749162
0.9932248995949602
0.9999999994742552
0.9955967037432317
0.9973021560380809
0.9939374786808651
0.997795683933121
0.9938058023351692
0.9969025286107702
0.9933701295640033
0.9974282116733894
0.9839588371392228
0.9975008996654982
0.999236159468104
0.9964590332702541
0.9844673315856758
0.9972133293384763
0.970645383524229
0.9975318511543075
0.994380498409241
0.999208879106331
0.9887191750635353
0.9873512965953205
1.3878462849729024e-19
0.9881057549968005
0.9992469021195635
0.9937730624355248
0.9992255207101628
0.9890668708977057
0.9992369648469254
0.9976108747571362
0.9999844386498492
0.9954707087019042
0.9941174224107174
0.9883355623201463
0.9939849393489801
0.9949739768120747
0.9987419196794809
0.9976802997229444
0.9991489018741241
0.9972283736150525
0.9992388723352744
0.9973611140662105
0.9939379096908172
0.9857209073918028
0.9992948643891433
0.9970199912384305
0.9870311121879465
0.9999999999998863
0.9837416921073618
0.9943917954949852
0.9906948406630227
0.9932145514150658
0.9996815469772681
0.9960182508127526
0.9957860396076841
0.9848024324550949
0.999232300722003
0.991243539443865
0.9940739162443588
0.9942074458347312
0.9992696330650322
0.999171698119327
0.999999999526068
0.9937422083008749
0.9926354625592869
0.9914205234138296
0.9911092591101958
0.9995490889694504
0.9993052750466739
0.9945615081326092
0.9258958502984763
0.9938948934716791
0.9920659428379731
0.9949825683889136
0.9983313673034273
0.99999999999865
0.9992092979611272
0.9948133747024933
0.9851613863063771
0.9935130637655738
0.9999999995109192
0.9939450191650508
0.995517689149741
0.9973689309713745
0.9934874570252895
0.9999999999990621
0.9841075802252207
0.9834625900318954
0.999677726737817
0.9929847830917217
0.7675812697447171
0.9979156600245545
0.9990912524665759
0.9974774104027304
0.9886045986124636
0.9849025142402928
0.9953494698982606
0.9978306705520137
0.9933217911647133
0.9942647869689172
0.9947801632420763
0.9828293555370353
0.9943240912161615
0.9844950972317842
0.9992593446986333
0.9885508331386185
0.9941393202468979
0.9972574974146041
0.48716827250975947
0.9968147471792692
0.9982947836211814
0.9953259332220274
0.9929374128359946
0.9977883716606931
0.9975115638037843
1.401604515182737e-11
0.9977986526677695
0.9994372288106869
0.995194405861104
0.9978650144773367
0.9949037044787341
0.9991403928717123
0.9985709917960588
0.985665534012088
0.9999999999993037
0.9879498446567393
0.8091029006204404
0.9985591415669574
0.9849266665982327
0.9974295289265229
0.9856408926529638
0.9923819007525643
0.9992395923098872
0.987189171449964
0.9999999963419839
0.9999845602962053
0.0018090685805641018
0.9941354727162809
0.995638934264414
0.9950774089642779
0.988579623518735
0.9840981027020154
0.9935395342742883
0.9954930604490659
0.9953913234727758
0.9972082340087915
0.9927159680596297
0.9952040535333024
2.359173229108149e-08
0.9999999998005364
0.9923037283350868
0.9847034105897884
0.9883355623201463
0.9844812200921063
0.9934191996209748
0.9983379205049244
0.9991534170349062
0.9994591392720421
0.9846632220825992
0.9991913341666682
0.9933581441863073
0.9875669958217655
0.9925664101783165
0.9989578342598314
0.9885465473890028
0.9928754039065667
2.1092225052381605e-13
0.9938717722819657
0.9995618422705486
0.9920521657332458
0.9931540016196936
0.9999999976493257
0.9943007228812479
0.9966707105283473
0.9992500069575811
0.981507998239013
0.999420667917192
0.9943485169188276
0.9940383989408583
0.987897845373136
0.9847336721103849
0.985485945122691
0.9993314216633277
0.9973353686783303
0.9999999995221458
0.9954940148642708
0.14282406638821302
0.9955636275722964
0.993604481435691
0.9821973834146973
0.9962327564108123
0.993103079040422
0.9973156257055543
0.984898999566371
0.9957224518633864
0.998957202122457
0.9991708572136432
0.9957041019150324
0.9933852340985505
0.988728014463134
0.9992058481613015
0.9922550456412512
0.9950134743859177
0.9978180732348146
0.9879498446567393
0.9991281843105396
0.9999999985385557
0.9999999968863165
0.9926119892262849
0.9933302355605975
0.9923209177493617
0.99963695276044
0.9946824288457318
0.9991439738134962
0.9926996194619742
0.9941352661462396
0.988759036847628
0.9991646922209031
1.1331006396047693e-19
0.9953060497423931
0.9923320932133236
0.9928672230278174
0.9993418294837371
0.9870273548144245
0.9996978951512422
0.9999900137709229
0.988860295344023
0.992317734975979
0.994434290273613
0.9990510982680987
0.9015184720791433
0.998664422690244
0.9999999996790052
0.9958122778385683
0.9840166924425497
0.9867713040107949
0.9966002585651903
0.994380498409241
0.9937886216534697
0.9973369958329618
0.999116829050477
0.9990406934376823
0.9950235752722631
0.9943741648164596
0.9991577101527752
0.9993833686189062
0.9925088960799611
0.9885371135457859
0.9968920929981192
0.9869537528213915
0.9941739275705558
0.9951938029985551
0.9933310881749667
0.9948757287224779
0.9972922550233843
0.9999999963793869
0.9807498516341991
0.04710755281120273
0.9883397512024454
0.994763474536214
0.9885696729205393
0.999033490564777
0.9999999995165751
0.9955673316422137
0.9934308823064936
0.8442204168451263
0.9969496764951631
0.9948624107378785
0.9992291102303059
0.8963104573629214
0.9947340237974281
0.9991862959360156
0.9939526933741136
0.9999163892533588
0.9976105138142666
0.9935130637655738
0.9955169678052135
0.7716696315424276
0.9998128059407511
0.9930484213794859
0.9914415679529771
0.9992344816270334
0.9921775971547501
0.993823453924486
0.9927161177792858
1.3777485019348043e-12
0.9952626711488414
0.9943343769540313
0.9991420510174361
0.99333717678156
0.9991547186235812
0.9940729279412732
0.9962256599557688
0.9939722434715117
0.9884722622131418
0.9882801773755886
0.9918623481174449
0.9920120813389367
0.9990653741781901
0.9942622445277868
0.8383869245050336
0.9936551754396644
0.999201882216647
0.9938783438310159
0.9834238751680865
0.99321445343548
0.9898442570158078
0.9992102435091783
0.9956915648056831
0.9955526503797185
0.9917658478485217
0.9970789250851071
0.9991947707073808
0.9995253258671696
2.5510849778059085e-08
0.37990650724403463
0.99948992134174
0.9999941934711426
0.9990890786484026
0.9883815867568388
0.9992324554867049
0.9999999995658584
0.9949676932031113
0.9980056160275533
0.9942268651341862
0.7286126175577798
0.9919103539805711
0.9974705390315538
0.9974950710105945
0.9837715513207838
0.9994785614214552
0.9991583624733662
0.9963708849601571
0.9924650018816784
0.7811664308916652
0.9837715513207838
0.9990457755185174
0.9974526574883649
0.9998932382076027
0.9959965291031782
0.9979537521109121
0.9960394350197073
0.9994428533507762
0.9990379980745296
0.997788927107601
0.9924148715940344
0.9991680037062908
0.9982332511560458
0.5113819987816063
0.9936165522614511
0.9846604359549708
0.9933130032952106
0.9925710876456686
0.9955744618595487
0.9991931355551004
0.984452272867203
0.9996778151670522
0.9999999975545677
0.9933721532458916
0.9844904727810446
0.9980429291204286
0.9983267350978148
0.9924395968283765
0.9921388882063817
0.988205754544089
0.9959982355533148
0.9973489256361442
0.9991600002949053
0.9975288869837622
0.9992483821664916
0.9980996380300214
0.9875525580636934
0.9995159051183309
0.9960596707560716
0.9965219327159998
0.9991267318688646
0.9991490408602567
0.9979654575002725
0.9998668960003186
0.9991425069929626
0.9892171881466232
0.9928618002501064
0.9932973937609326
0.9873446739076304
0.37706902752337124
0.9971889692664772
0.9991586345145349
0.9844754345962731
0.9942226871809716
0.9953272120432869
0.9999999992012079
0.9916755717866863
0.9734356982183868
0.9993825969897291
0.9957849050795535
0.9884239381594273
0.9989705774598273
0.993148800075573
0.9509577673042715
0.9945092640259626
0.9992493484244159
0.9924329859033076
1.0
0.9946252131994539
0.9923317595264866
0.9851614528502136
0.9979461844854
0.9932675833026112
0.4569340217481628
0.9991896779394733
0.9938030729957277
3.407757776238028e-05
0.9987496779658457
0.993875664182775
0.9992359503809375
0.9931926334615125
0.9946356331413536
0.9990062333225125
0.9862680782517755
0.999814026284972
0.9939936441905524
0.9999999994786322
0.9855376219772517
0.9999999999771774
0.993628459709358
0.9971652321565206
0.9935130637655738
0.004109328704824386
1.0
0.9832374714000709
0.9932373484833821
0.992732274778456
0.9994297801064673
0.9926645467351516
0.9991473166719013
0.9968463694954568
0.9978395917531665
0.9957041019150324
0.9972360827529902
0.9929098274815752
0.9990866510893647
0.9993070868500828
0.9947567378945025
0.9933135232307369
0.9991572310772547
0.9389837458327595
0.9950927909928712
0.9981112374776658
0.9938082105518798
0.9925839681691285
0.9933452785002872
0.9976108747571362
0.9950082312295851
0.9613657463813565
0.9940663031698561
0.9967425045053034
0.9990038716690208
0.9946250944315715
0.9956051877782883
0.9995739614324712
0.9925938508681733
0.9971643011239065
0.9949341526005314
0.9999999984450483
0.9855428886622075
0.9948560424799067
0.997316830080257
0.9993092209366184
0.9923075931882022
0.9967240701715927
0.9918813376010028
0.9920901384727899
0.9996715929977188
0.9991108991903244
0.9944569855572163
0.9933192378299677
0.9986673316660871
0.9910423626689747
0.99867248234198
0.9942195771777789
0.9943240045282938
0.9950860243401342
0.9950541855084684
0.9934481580817177
0.9943832491185433
2.2400765841662763e-14
0.9997991850950001
0.9849049829100585
0.9950886033097032
0.9939762378120511
0.9991694887959524
0.994336597332534
0.999236161226064
0.9882976794417517
0.9992494052270696
0.9932412955066154
0.9951179814993557
0.9832181280783875
0.9940453382358695
0.9972569510094197
0.9885696729205393
0.9943893766149321
0.9941697626259204
0.9972872372354847
0.9437906352368773
0.984878463362984
0.9949649031271075
0.9936224207180253
0.9957806662772435
0.9970696651104284
0.9936972100560049
0.9991920024309674
0.9874718173176451
0.9945062080396595
0.9835036261999076
0.999776719711518
0.9939642512603085
0.9937984076000383
0.9952262522694064
0.9992052953921641
0.8884261725653315
0.984524338047949
0.9977872405722986
0.9999999996877307
0.9863728620745645
0.9841938537456829
0.9834197618782965
0.9978513238098261
0.9953503671007363
0.9995113127930162
2.6240946922350897e-11
0.9992196986391206
0.9876704639373735
0.9941020410799942
0.8339069465402135
0.9923324003004949
0.9827552900895654
0.9926866606397122
0.9923959367617865
0.9992605370976222
0.984887734300278
0.9962723093272347
0.9993777389185635
0.9970419361930746
0.9841525279293519
0.9978618294496123
0.9991284188377245
0.000875428622840605
0.994787139397404
0.9991835724883676
0.9993625996966651
0.9999999999993463
0.9926142785389496
0.9935525563105477
0.9929696679433433
0.9987952647963187
0.9939527707580412
0.9921576229586934
0.9993370829441598
0.9937097929865434
0.9844079085278044
0.9883806178920985
0.9999999997507132
0.9949278575666208
0.9944844280524063
0.13567099975962812
1.0
0.9855710439733438
0.9940180237591085
0.9991367037788331
0.9952881799627352
0.999922689127243
0.994650382095209
0.992626419553815
0.9938058706739071
0.9942099039586008
0.9960189388288172
0.9926821492831577
0.9855235851996978
0.9995533385487103
0.9972240445524073
0.9991098229198669
0.9831523390650105
0.8234995618526691
0.9928075617709079
0.9991173933511867
0.9105986900797123
0.9918252715002709
0.984355640743451
0.9999999999992895
0.9991200987710398
0.9993289920817146
0.9965948465911161
0.9926455724710154
0.9855527245573149
0.9928557968705684
0.9979453425941399
0.9939849393489801
0.9946958871204701
0.9827745275102145
0.9943864984222415
0.9931200304589477
0.9939553073067261
0.9994191486287436
0.9880352552776004
0.9940210915117842
1.0
0.9984452127734105
0.9951244260377207
0.999208879106331
0.999249859504255
0.9999999999997442
0.9999999962827815
0.9820142255945766
0.9955699438379414
0.994380498409241
0.983828727168557
0.9999999995506812
0.9837333249791433
0.9954427968577327
0.9951230373989284
0.9992741068556104
0.9940783453709348
0.9994942350107533
0.9993614604162586
0.9931480514363853
0.9863728620745645
0.9944489434918422
0.9978531906069081
0.9879723594414122
0.9954630369686014
0.9921215074392167
0.023399583605994315
0.9996211922121861
0.9992004268917506
0.9992626365488358
0.9972948723573445
0.9999451773629922
0.9980016523592468
0.9955095504950784
0.9918208195919478
0.9928439989182656
0.9930926205273966
0.9935896630107196
0.9999999996443876
0.9865961868995995
0.9846848653790973
0.9845953673086316
0.9883011825356318
0.9960237959559045
0.999047087278477
0.9979424877954456
0.9960471437575267
0.9963596285282759
0.9956736214784052
0.9993902912707425
0.9947944451975125
0.9856000957642158
0.985752438737227
0.9947840000630961
0.9983211108912339
0.9913124997578932
0.999631895478753
0.999359233730348
0.993548109197796
0.9991731668745475
0.9971643011239065
0.9978928598455281
0.9866001510839889
0.9935010550062802
0.9978846142327686
0.9991371108508587
0.9840660778753466
0.9978376306288936
0.9925038171462315
0.9938477452081225
0.9990948432622119
0.00013856877678299873
0.982344779448167
0.9947222279788125
0.9974460458494794
0.984485847067906
0.9953133727077762
0.9992144183621228
0.9991824708356468
0.9855668297765668
0.9991457100794161
0.99807188812121
0.9975070685773479
0.9659413418452508
0.9917777410745993
0.9946869858443724
0.9990014507920298
0.9998861424196398
0.9979456530653324
0.9931777145229461
0.9998443854323599
0.9920528881567865
0.9920600092641563
0.9837715513207838
0.9958422476744524
0.9931853790287387
0.7066824083894825
0.9969979490731337
0.988559400213428
0.9945803149065838
0.983778187122605
0.9964432532040853
0.9995730707858068
0.9970082189242354
0.9941140442919392
0.9870812262477454
0.9995898484332536
0.998035360342837
0.9923967067093113
0.9948196342570435
0.991452594952745
0.9970097063128638
0.9927008769661889
0.9920309405248047
0.9999266743723925
0.9948089229416902
0.99437630349804
0.9969259923501571
0.9974119554889297
0.9926473863460271
0.9883355623201463
0.993995045565287
0.9859630452150452
0.9924594739725242
0.997952472404389
0.9989720112398499
0.9919397406536723
0.994651966069838
0.9945269719280854
0.9952096130912684
0.14978846757025857
0.9955569549688542
0.9955609514884171
0.9990710058701081
0.9939989514959542
0.9953089710743178
0.993922216367408
0.9962004204245006
0.9939849393489801
0.9927178275133804
0.9718204498852975
0.9928091393273989
0.9931025649149702
0.9999999963849575
0.9876089222266943
0.9933464958923971
0.9977374022070977
0.9955127084459724
0.9968745415877841
0.9983520319945585
0.99740945704964
0.9945811310885918
0.9948120533305806
0.9980076855757801
1.3935776827545218e-09
0.9941442293565225
0.8193274187965729
0.9978025441992537
0.9907716802001322
0.9901458257541393
0.9835314177973963
0.9937792578896157
0.9999999962917911
0.999053003412555
0.9969700583398304
0.9969211679792961
0.9954807014698894
0.9954378069887524
0.9973706580022919
0.9880109944498764
0.9923622663834489
0.986847257867628
0.9945272805216651
0.9991811770093993
0.9942165304408963
0.011699726363456706
0.8307699299254755
0.9991878756535167
0.9934483096653106
0.9994351439238885
0.9628291161700022
0.9933893268451676
0.9991495567200086
0.992273112989732
0.9992470720295721
0.9877737977850858
0.9696700078600133
0.993799141003519
0.9845188860628508
0.9995988897696761
0.9999999971873308
0.9987814271447831
0.9950610257479235
0.9928263833118797
0.9937425813518749
0.9992285621812657
0.9949554665958044
0.9978966109738231
0.9937836808699014
0.9997283473446553
0.9920863370728524
0.9993273553538451
0.9958454163466993
0.9923403970892944
0.9975769747270087
0.9990527235744014
0.9880703247261047
1.0
0.9999999966365465
0.9926926944801315
0.9928002085262082
0.9937157219945806
0.9873815312229709
0.9942962987076237
0.9947198850374328
0.996671952934009
0.9820809900342236
0.9949034268045492
0.9927479328709832
0.9877495451887951
0.9991688684465866
0.9922281278941693
0.9993515027824186
0.9895810776094638
0.9947139474730397
0.9985963004250352
0.9943808568665142
0.9978711993694743
0.988064921395149
0.9990435063774449
0.9914587019750227
0.4353013509768328
0.9526845244425021
0.9786131837305112
0.997348920400798
0.984887734300278
0.9993520685802796
0.9993374415285037
0.9959098600126209
0.9951819387768266
0.9926624891116417
0.9930102307808606
0.9837393818128096
0.9942834013909327
0.9854001292012224
0.9941751707487774
0.9944041447643156
0.9997946172652634
0.9983244832131601
0.9955457941943725
0.9993952668395121
0.9992150319569416
0.9892233168789929
0.9991148883832338
0.9949344210649758
0.9958135326417982
0.9947356822419603
0.9955399454817618
0.9968302992307171
0.9966193384438398
0.9938954829676641
0.9939380191659768
0.9919617816106117
0.09262044009594063
0.9936058031842133
1.0855647549195505e-12
0.992770165174462
1.8254014261296073e-09
0.9999999999987637
0.9999999995386872
0.9849158830480483
0.9991714061297504
0.9957835867681547
0.994227839403023
0.9854287392605751
0.993505722752491
0.9877493205561919
0.9870024445753016
0.9999999972782803
0.9940309564301206
0.9955022333372272
0.9993746418122426
0.9991068298134312
0.9959830523021016
0.9875277563729621
0.9999999995260396
0.9993008452651377
0.9936372916595309
0.9921081966551051
0.47453002867710126
0.9940076091236113
0.9969806016472529
0.9503514642995607
0.9930755968736
0.9942789236298273
0.9852675262491529
0.99281412807045
0.9938510594680422
0.9929356081823043
0.9931241852758742
0.9942313149623967
0.9879786566491311
0.9979451873421717
0.9995815558868557
0.9993935191823599
0.9941977875325186
0.004718289496343562
0.9934437211487362
0.9999999962791435
0.9991479105299798
0.9978970877326349
0.9848888611730912
0.9999999998372004
0.9999999995221742
0.9978870099759574
0.9991163405980683
0.9953862483305953
0.9970696651104284
0.5285704449032367
0.9943616390201402
0.9990608641938983
0.9921103916197068
0.9950294366614499
0.9934530637748478
0.9941965845034069
0.9968948825656575
0.9931158655109806
0.9831743149413824
0.9980681868450215
0.9989474368326382
0.996743156089972
0.9942383888804261
0.9938914145202586
0.9947340237974281
0.9999999985266754
0.9936552855689318
0.994380498409241
0.9936956393799394
0.999142944345175
0.9923665744516623
0.997938463593768
0.9943809214757744
0.40604526860565193
0.9832374714000709
0.9995720167507747
0.9990781818364908
0.9975614980449249
0.9995250609934934
0.9895463967816974
0.993666948794133
0.9946894518368635
0.9878515739977728
0.9950642276184315
0.00028476717018482983
0.9999999999993179
0.9869936912234843
0.9968576590597327
0.993637856353404
0.9855409386814591
0.9834483876748621
0.9981470535125495
0.9960509710478124
0.992201481848454
0.9876477829112355
0.9931020417803803
0.9993956267840926
0.9955384570071518
0.9937202365860869
0.9980681868450215
0.9928156264235488
0.9980683328217119
0.9977109267826718
0.9939377873357743
0.9950445293123891
0.9949063121927599
0.988860295344023
0.9920750121947335
0.9991141700078907
0.9989507630267063
0.9945392481975202
0.9960418622023345
0.9931325803931194
0.9931231549334673
0.9999999995497149
0.9878863631269842
0.9978915543466322
0.9952014563683667
0.9955422090000815
0.9818171882142743
0.9929644946523446
0.9931514048406717
0.9345100917465584
0.9999999985741681
5.886972973846657e-05
0.9880745375460616
0.9871305888872327
0.9208725030863782
0.9962947494681694
0.9992323611413226
2.725910241409406e-06
0.9973672882101956
0.9994496015535187
0.993512478127276
0.9990782300867385
0.984867434157174
0.9871997094205147
0.9990438221040752
0.9977723126955006
0.9975307324182375
0.9926032451514841
0.9871436814912767
0.9853210847591585
0.9939674827770318
0.9937825997168521
0.9992063733852414
0.9999999969690805
0.9975888559204037
0.9999999999994031
0.9898295988665586
0.9932978978198559
0.9935099552808361
0.9933089323448738
0.999762808661833
0.9999999969050464
0.9938140650601892
0.9830138776427537
0.9929242323675588
0.9972650865410756
0.9937249116305752
0.9999999995515907
0.9788797022120591
0.9960365738219202
0.998135248088667
0.9932010254026694
0.9244730040712266
0.9977388092119717
0.99351031314161
0.9876852295057407
0.9950484035454408
0.9999634900901381
0.9987037245343274
0.9934014160249385
0.9997909034597566
0.9991705048447097
0.9993361814426708
1.2728456904926032e-15
0.9948744392942508
0.9909097358736524
0.8266878888752137
0.99377556135318
0.9931849028736508
0.8555599033088017
0.9949336701943203
0.9954312689784663
0.993676081788233
0.9885422601639876
0.984887734300278
0.9993957813039922
0.09806525340106878
0.9957041019150324
0.9925314703812476
0.9827594574868775
0.9999999940375517
0.9996451288942826
0.9960294854127631
0.99999999999919
0.9981704063129601
0.9820556462364327
0.997404979231563
0.9944077321868605
0.9992127605365753
0.9942616435587216
0.583381186520118
0.9949265997454929
0.9991126801123641
0.004863138348708541
0.9939375189514623
0.9931818230101467
0.0336797716674478
0.9935242980372891
0.9957041019150324
0.9935130637655738
0.9929890660450218
0.999999995956216
0.99506357874255
0.9949261602423739
0.9855404285843403
0.9827591391427655
0.9994859772201218
0.9969866153506407
0.9975307324182375
0.9933089782502871
0.9932581793188505
0.9992860473929266
0.9934224709987506
0.9985229348295707
0.9936543994415518
0.9969150835172098
0.9927342692302026
1.0
0.9936319558652139
0.9952109050599651
0.9930079369815116
0.9999999962813888
0.8777111495437881
0.9929706908181897
0.9949587750478921
0.9945844296322757
0.9954197744518241
0.9738095228670471
0.9954853744615434
0.9967476702082116
0.9892171881466232
0.9932651163724278
0.9937759330328745
0.9992713301565904
0.9848716776243489
0.9999999962035133
0.9876385405366755
0.9992092370839581
0.9991649682538245
0.999999999574726
0.9892171881466232
0.9866221575175858
0.9999999995223732
0.9922995516800381
0.9991648336613972
0.9927424683886334
0.998990149012296
0.9939633427286974
0.9974589891957586
1.6830073450955539e-06
0.38086745256177695
0.9995332979251316
0.9979242544809772
0.9942880794170684
0.9849158830480483
0.9853711081112315
0.035547488903025774
0.992372999093913
0.9949976721330002
0.994276973906685
0.999160821768424
0.9993614899544856
0.9992935737832932
0.9980045607928533
0.9945683640244056
0.9838872832592976
0.9786822937613948
0.9963180336044744
0.9877379110280604
0.9875217968619958
0.9898136853087821
0.9855268255637054
0.4674019778020495
0.9983269446389659
0.9950340398340037
0.998326654469174
0.9991494283986403
0.9846253446236197
0.9879655113320727
0.9999731629470603
0.7946625842856998
0.9999999969464284
0.9991727992052412
0.8602688112967005
0.9873588614835589
0.9950085841191424
0.9999999994852544
0.98322196628898
0.9823434661706258
0.9983111527240125
0.9802265908825868
0.9832374714000709
0.9947740640353504
0.9988850154260756
0.9926251143776404
0.9980217749905869
0.9999999979177687
0.9857547740683076
0.9946783140243073
0.9971453855588963
0.9852661928649065
0.9992712198877851
0.9956953798991859
0.9993646555606426
0.9918244218146528
0.9970773507337689
0.9995015970011761
0.9971645152082835
0.9997672765463866
0.9816162007983686
0.9924599418173817
0.9950149905803986
0.985855639772031
0.9992634139458906
0.9915355230842589
0.9841016573789697
0.9990244242133451
0.9936314590746651
0.9975862811136981
0.9880250163461539
0.9951050768375619
0.9937597347009011
0.9968768660564855
0.9955946349172249
0.9876382446264552
0.988353671744384
0.9848889798033362
0.9991618779707057
0.9940455880681224
0.9950942249715394
0.9976648860321649
0.9922646264095186
0.998008327105896
0.9980057667330166
0.994244976167479
0.9935140396230683
0.9996796515140501
0.9958663115884551
0.9975597031318029
0.9955656336533695
0.9999999995507665
0.9956214422146447
0.9842586080261119
0.999208879106331
0.994380498409241
0.9925427265182439
0.9939297348299215
0.9977978748517231
0.995054791977471
0.9925604995783454
0.9979305226243715
0.9990558479106555
0.9892171881466232
0.9952900849813481
0.995185374661847
0.9991805967098273
0.9915033608573304
0.9990177615913156
0.999999996114127
0.9930945229532675
0.9903992995002155
0.9999999411724918
0.6144978046793057
0.9999999960257355
0.9946084629549907
0.9950230310155154
0.9827591391427655
0.9953561815850812
0.9985465180021116
0.9999999955713008
0.9989442010610851
0.9939241246301369
0.9951497260151436
0.9926178520240269
0.9939027245427473
0.9972906587007975
0.9961405336854241
0.9986383274725209
0.9832599194165427
0.9990279218552656
0.9950776991398971
0.9953443055520396
0.9989825803922208
0.9847359628653273
0.9930283110288104
0.9994675847042395
0.9991976275055067
0.9963046722190098
0.9993166721192912
0.9991627026167075
0.9833825798016425
0.9941036791828514
0.9991902653517746
0.999819854223148
0.9934639989917136
0.9926568547228951
0.9991295989238805
0.00019609430905702784
0.994952531714058
0.9932376361543424
0.9877525293094915
0.9939728760006352
0.9942531683856032
0.999999995522586
0.9944914831295707
0.9999999961667356
0.9937211066284775
0.9976091736298658
0.989667032289553
0.9933579119667612
0.9975554562892401
0.9883355623201463
0.9914047972770644
0.9942573145074557
0.9978506085668136
0.9953662950544583
0.9975958031586255
0.9961164613279259
0.9936867840600335
6.707417271739573e-09
0.9999999960612911
0.9817001618785801
0.9974218960486798
0.9930822303697109
0.9992577783566134
0.9999880022090327
3.867602985840494e-09
0.9853700166665291
0.9938114625239285
4.699713247047253e-09
0.8525572635145959
0.9935130637655738
0.9975452392929813
0.8469668711244462
0.9992115940863536
0.9850295202102424
0.9991586345145349
0.9999999962584809
0.9957041019150324
0.994661402461367
0.9953028523992149
0.9954463964176905
0.995614189773749
0.9999999999991473
0.9951412265737107
0.9814234792872197
0.9928409447650764
0.9969180073139072
0.8950803634138995
0.9955948521658171
0.9976193999443016
0.9999999993341646
0.9961353615043879
0.9888611293459881
0.9948075065945712
0.9990297480890853
0.9946483864727823
0.9990218410704335
0.6174203329521403
0.9855268255637054
0.8652461976390593
0.9999999999300542
0.9999774110348126
0.9855915340932488
0.9832387192334169
0.9956062022804246
0.999182647812708
0.9970814142334077
0.9994243982160407
0.9994517326765915
0.9930397170949187
0.807629904381862
0.9951615017132182
0.988362416174955
0.9938508747816736
0.9849248805020723
0.9888328812765537
0.9996599888906624
0.9363165154920094
0.9950202205646305
0.0024241255258107414
0.9879123284703053
0.9941458931006458
0.9998987805735641
0.9955565731063889
0.9873323661808077
0.9922304454844446
0.999285248420213
0.9992232695019699
0.9950913717579124
0.9970948825659666
0.9951835876776072
0.9948705355918178
0.9972546941776306
0.9972794814532673
0.9921839610239644
0.9930631930357383
0.999638479292291
0.9870251964019972
0.9979993055002769
0.9915454825755994
0.999794395410924
0.9999999983588737
0.9938265575848979
0.9920031072620646
0.9991821384516718
0.9955566103360031
0.9934224582407309
0.9980069719954072
0.9905266852559729
0.9954234598583193
0.9916546288101414
0.9465074168523204
0.9986480116795162
0.9992720848903726
0.9954686364143355
0.9992220221922401
0.9959580731178539
0.9950025718581266
0.9960626219729011
0.9979468945138757
0.995221944070887
0.9999999996343831
0.9955699772769276
0.9920709734610901
0.997774919503507
0.9924478227124769
0.9935166816864949
0.9978839793718169
0.992740730687838
0.9939846597920167
0.9842855018939706
0.9879777572335707
0.9924388404294356
0.9823520638590048
0.9928560334231843
0.9936185245593763
0.996424140938709
0.9918887601093338
0.9932933937440757
0.9999999961950152
0.995627994413708
0.9954747924371076
0.9969753896045552
0.9943614796790029
0.9926269043350067
0.5651552396978552
0.9950654599997123
0.9832412146454705
0.9927270906638387
0.9945615081326092
0.9977107575515031
0.9991569305467678
0.9936069911550096
0.9929657120771701
0.9948951154170967
0.9931512978483469
0.9931061899552945
0.9936246109123726
0.9949042958444188
0.9845168840273935
0.9921520145351631
0.9940174529828636
0.9952663854820116
0.9955856482495706
0.9947022450375219
0.9998991863904552
0.004689070540934953
0.9937067441667632
0.9939996172479314
0.9922252588043825
0.9952914124728935
0.9939108745575961
0.993664465928395
0.9848466358246531
0.9999998512989632
0.9878304555347356
0.3775257579058372
0.9878715541026354
0.0005880070117863276
0.994660669367807
0.9991217377653143
0.9995034355457031
0.9976105138142666
0.9885371135457859
0.9930746323518616
0.9939917170464593
0.9972765541258511
0.9989575965129648
0.9979870630147919
0.9926673470671548
0.9999999966615007
0.9994388665248363
0.9970351772002181
0.9989506575518404
0.9955038628290949
0.9977850671219929
0.9885987328699305
0.9976317961331169
0.9947364478971459
0.999739784996368
0.9940886875852004
0.9880602670610557
0.999148957861483
0.9979171631634495
0.9876854230714619
0.9951541879276521
0.9940303071837776
0.995066408697346
0.997986563087968
0.9994837691292164
0.9975352474924591
0.9955307019333908
0.9986933273294399
0.9941814495468582
0.9926669818359719
0.9849001256699617
0.9911596032653996
0.9971643011239065
0.9976804845166696
0.9976105138142666
0.9986140213402038
0.9925248188332789
0.992663102467953
0.997827833877979
0.9995520715231179
0.9952820018289391
0.9946767876740205
0.99299816780288
0.9990455639981336
0.994088565331251
0.992714555528499
0.9937453624569804
0.9950908240686074
0.9927788750493378
0.9991724949350281
0.9872041071144855
0.9908551334404506
0.9853700166665291
0.988146347759471
0.9953521298818299
0.5357144831425302
0.9914171589464911
0.9866850017509426
0.9935503530113938
0.9951277991094244
0.9929063611541356
0.9863976426895436
0.9940974633543408
0.9970379789903602
0.994195798161621
0.999092320160801
0.5676976420718012
0.9947493265036673
0.9945507973394455
0.9855613481125375
0.9977494019175466
0.992056940214704
0.9940696836448345
0.9814753844118695
0.9922891585054756
0.9878095314169625
0.9922537374784192
0.9827899033318158
0.9973313050348358
0.9953444367739523
0.9944269134779484
0.9981874753354155
0.9955368901084853
0.9950704322291406
0.9840898056280033
0.9604107016244354
0.9921387338353436
0.9952223319846529
0.9925678913646532
0.9991978735880662
0.9992400683905452
0.9859294700960718
0.9992634018050424
0.9857215030855384
0.9997227515509429
0.9934801202204985
0.9936141523058135
0.9935130637655738
0.9999999997338023
0.9936854466838566
0.9978575662664803
0.993011378895155
0.994601096040132
0.9950972970226736
0.9993893091787496
0.994115465744738
0.9941100553799023
0.9939147156531147
0.9999999960789694
0.9970015826244115
0.9832387192334169
0.9987595192977691
0.9946586936711621
0.9958095114365244
3.835555390483763e-05
0.9933488577592305
0.975930580824914
0.995324950951864
0.9920707413771617
0.9876311420630354
0.9944844280524063
0.9998344716590741
7.41834542920512e-05
0.9813380295100258
0.9882661081681547
1.0
0.9863728620745645
0.975048030728216
0.9959200230974988
0.9999999995139319
0.9929657486940593
0.9828008663681707
0.9991677469140307
0.9991029596311801
0.9883387009464354
0.9981617762923447
0.9917735576766952
0.9837848428415193
0.9920322697762558
0.9975247658804709
0.996934976110047
0.9948591507506861
0.9952819915468717
0.995081194941551
0.9993281186874223
0.9638305757922666
0.984574847354117
0.9960768439943137
0.9846519095523408
0.9939849393489801
0.9968307020493908
0.9938374195485827
0.9999870604610952
0.986590261069957
0.9941563026252056
0.9992873134760736
0.9999999995153246
0.9991759129434266
0.9992197935540812
0.9990516539077987
0.9997611599312011
0.9934569199713056
0.9972811514616265
0.9995505133856376
0.993680821399929
0.9979301250488125
0.9896140821973713
0.9991479386759267
0.9938827648852436
0.9931484916710935
0.9955196242172758
0.9938606920967998
0.9977666230419238
0.9871757479651105
0.03248797945751002
0.9837727600524132
0.9929221167027648
0.9824469407771714
0.9850711115955657
0.9860362348332665
0.995087586815423
0.99387811124018
0.3720944905316245
0.9952252361115032
0.9999999999999574
0.9939767704909528
0.9992460100406761
0.9918945648522705
0.9941635402850768
0.9992474716892931
0.9991189316938558
0.9990090278663182
0.99902961600359
0.623031107772454
0.9999999999113243
0.999473268638979
0.9940740890858485
0.9991616711019345
3.4281293836910067e-06
0.9936857381497087
0.9956750337438798
0.9992135453350618
0.9944844280524063
0.9996240421411025
0.9949600972402377
0.9991499967590458
0.9974099377265488
0.9937135223174407
0.9975643741443936
0.9999999994814459
0.9911980215340305
0.9990856723202982
0.9770159905609717
0.9997375518475113
0.9979620988494122
0.9968913603429224
0.9841146641339461
0.9871157469911613
0.9857998393188132
0.4085080730044736
0.987954802365534
0.9948289833191302
0.9962201102631807
0.9966098999963039
0.9923660219728557
0.9999999960268724
0.9952158310776278
0.9999999995167741
0.984228621191592
0.9851727388248207
0.9993857362596872
0.9948721020424162
0.9949266407481446
0.9952476021585246
0.9945644088921308
0.9928106746967055
0.9877100915123449
0.9982866959787539
0.9993070160212524
0.9823397977616982
0.9954580539791407
0.9876228139176491
0.9999999995366124
0.9972242543598971
0.9920737969343166
0.998399045659799
0.9912139565084535
0.9922031246468916
0.985594200258052
0.9939858251426925
0.9997509409720792
0.998017189409631
0.9974783373930243
0.999284166963756
0.9999999958400281
0.999653549356895
0.9940779653562283
0.9970332436436067
0.9942352819278357
0.9936201459740841
0.9874943208210748
0.9880297058713507
0.9949180664391998
0.997792251668374
0.9797457199464645
0.9940538840211066
0.9853700166665291
0.9997934639069683
0.9981520747257252
0.9888730501356202
0.9920375943404506
0.9878490908075396
0.9928135639604011
0.9988642080504491
0.988200090715762
0.9920865718437492
0.9991458773158655
0.9886978750000666
0.9956858922566523
0.9691582006033176
0.9998303294156878
0.9973629094402113
0.9936036236144563
0.9478478862682196
0.9855160217648199
0.9925632685115097
0.9950532826115925
0.999760071243498
0.9937735180416966
0.9957302699613778
0.995863419423821
0.9943061819227007
0.999710697005911
0.9957108979899691
0.9888686327789179
0.9991744221256336
0.9923918534487666
0.9859284196881591
0.9832554668068785
0.9936874995585538
0.9999999973564684
0.9990797119274922
0.988038805690184
0.9989106369553035
0.9993077749273781
0.9881447393940482
0.9878505905780499
0.9945347976972034
0.9981607941447371
0.9938747277257239
0.999999999988745
0.9884890969849753
0.9926534944376747
0.739398697409163
0.9832081228496843
0.984887734300278
0.9935467459272536
0.9965244791705503
0.9999898507795173
0.9933469005984938
0.982326385445571
0.9999999965017707
0.9835510704332532
0.9952987444291647
0.9990069189932091
0.993168742998241
0.7812285501397451
0.984553043453957
0.7711634472365216
0.9949618439316849
0.9928010299045281
0.9936606932067197
0.9973822675928982
0.9930720432900823
0.9996630528118714
0.9832399669818835
0.9812132206745743
0.9999999999162981
0.9936036236144563
0.9841976068096648
0.9999999983709529
0.9991482394829984
0.9991603201843305
0.9826134210631298
0.9921498658766671
0.9879283901075167
0.9979211124100713
0.9928840379746885
0.9980480263552233
0.9964958310913402
0.9972884655175476
0.9933895195173387
0.9223890266210354
0.9840699775036913
0.9972804898555654
0.9859464457043915
0.9992426773271389
0.9931563934321012
0.99430086756792
0.995109697004363
0.9969140958928651
0.9945217324252537
0.9868843069356354
0.9972064418746284
0.9963403010177772
0.9992034907833074
0.9995131523624172
0.987450052350446
0.9990992325410517
0.9969916240319051
0.9935872688931613
0.9966236816328948
0.9991770068888548
0.9894405188093475
0.9926875226117151
0.9958641881216711
0.9834761469691008
0.9923890215362859
0.9927406359977037
0.9926545849311159
0.99335434096678
0.9971647292776858
0.992162702075541
0.9937606712335015
0.9932973937609326
0.9952109976188377
0.999907029733122
0.9978803144441672
0.9995001764008804
0.9818075482716877
0.9944959346694119
0.9858078800592366
0.9942239270813104
0.9927240968060094
0.9877996342252923
0.9951429379892496
0.9955235170652527
0.9989826329283149
0.9836286955949606
0.9843681842439167
0.9999999985127488
0.998977074263308
0.9991299629353205
0.99426341104491
0.9929305861998209
0.9991046050869918
0.9849035035193306
0.9951401702700132
0.9951324665456764
0.9973030819052592
0.9880432797309868
0.991994065491655
0.9972947274451738
0.9989836580146988
0.9945615081326092
0.9992322545410564
0.988140432335299
0.9847084345456246
0.995695639752109
0.985293704776965
0.9992419972808787
0.9931566615207545
0.9926537841973851
0.9866963210663335
0.988860295344023
0.9998435359583815
0.9957800200914935
0.995576985565763
0.9937453424497066
0.9872915776502658
0.9934382974750636
0.9955688944503099
0.9938772417179036
0.9978259933983272
0.9973736635514848
0.9979474930386286
0.9929011824185094
2.366323059711888e-06
0.9996056956278445
0.9993076459688828
0.9993654117132912
0.9964459539910986
0.9992718281562252
0.9953869332316247
0.9935563945967486
0.9825141190668281
0.9993645529548415
0.9853134122679165
0.9998167408984778
0.9951589348182596
0.9979950040757735
0.9941564118491816
0.9992579012875437
0.9970863562084337
0.9882696199505894
0.9877006031918214
0.9942252314612561
0.9999808602918734
0.9944786528033471
0.13330069511032985
0.9935130637655738
0.9818879297216655
0.985636901191344
0.9965255438636466
0.993547651637747
0.9963070730727882
0.9922696431338516
0.9950823339009872
0.992319030044918
0.995331971790038
0.9995091850511744
0.9957265337285629
0.9925350208796131
0.4536022699347367
0.01742411735757942
0.9933459111740508
2.957104299388518e-13
0.992884292692612
0.996114266570015
0.9945615081326092
0.9999373020606961
0.9853787461356366
0.9931739846984199
0.995303927088099
0.9947864238690383
0.9947343565426173
0.9981215694235129
0.9965532176967398
0.9992013777461115
0.9991722437554802
0.6103483390103552
0.9975967657352647
0.984887734300278
0.9919421464241793
0.9835711599232505
0.9942625163037536
0.9933043222656791
0.9927607094802529
0.6244916928415637
0.9943948661357772
0.9892171881466232
0.9917214913068894
0.8538738230952077
0.991073146531815
0.997945497835184
0.985380927757107
0.9941082897237912
0.9999999999992326
0.9950415551802402
0.9996920753105375
0.8514554892319894
0.9947338537825888
0.9955317698642242
0.9995500370358494
0.9981223434478407
0.9832208943617352
0.9999999995286828
0.9949930708909479
0.9813643655746125
0.9992798275699757
0.9932700092281777
0.9948320983661134
0.9458871190484139
0.9955670408085472
0.9992520614921446
0.9994448453031687
0.9941307031933209
0.9936129531453213
0.9948674418142982
0.9840648906384314
0.9974924001943621
0.9999999995497149
0.98142662709741
0.9949019729279808
0.9970143155320862
0.9879498446567393
0.5410202742152619
0.9925672742546694
0.9311160676145346
0.997231438187485
0.9939728341560466
0.9851861795686139
0.9968932604748253
0.9933207860598038
0.9943344714304025
0.984887734300278
0.9909055082509
0.9961963317864649
0.9948740140258989
0.9992712198877851
0.9623653552687444
0.9993015081678697
0.9950213218851799
0.9948422407008747
0.9945615081326092
0.9951656651250083
0.9957079866083465
0.9902926080758981
0.999625974752027
0.9874747857544589
0.9992754090677396
0.9876376510622136
0.997949995083929
0.9951030880726327
0.9970869676336515
0.9978778765814069
0.9918902032866704
0.9930289486665964
0.3361962136057118
0.9849360598209943
0.9856580385743074
0.9951876294449629
0.9953503671007363
0.9999999987596766
0.9945803149065838
0.9531334962050185
0.9915816087175763
0.9976995371697256
0.9933503535249228
0.9870437063083866
0.9922044166574082
0.9978494566407423
0.993168742998241
0.9805831349582327
0.992634134363253
0.9991613873698687
0.9995177725961101
0.9977790372684774
0.9771032619832669
0.9993548813543022
0.9940025400088248
0.9992196986391206
0.9951487045397551
0.7373500394221821
0.9990813877415698
0.9935645709957989
0.9995332717303582
0.9938226431514053
0.995420866756715
0.9992474670778477
0.16006556118469337
0.9973390211240128
0.9842585310686702
0.997843523253837
0.9743858614537365
0.9999999961171966
0.9999999977288496
0.9999999961870287
0.9889118949660808
0.999279321114973
0.9999999922480924
0.9823906880221911
0.992971007407386
0.9999999984968326
0.9953446245184612
0.9938698801858431
0.9883355623201463
0.9931377831052443
0.9885636815395387
0.9992296369868857
0.9922856485734409
0.9924891982360771
0.9814555897980961
0.9999999995095266
0.9952193398707098
0.9939255246028267
0.9992219044335129
0.9991909835239424
0.9957007067511157
0.9992194403890328
0.9942733218776529
0.993842300578762
0.9933094815034036
0.9949111346443841
0.9938004707982184
1.0
0.995247075015834
0.5872766704489905
0.6385485466307191
0.9955612860807355
0.9982461549241279
0.9848899879689272
0.9991994576855254
0.9940386128904385
0.9953168403157527
0.9979652724075369
0.999388547273185
0.9978662285568839
0.9940238238359368
0.9967021175117435
0.994120141233005
0.999919732042416
0.9998770570734632
0.9931161217776131
0.9990918347816792
0.9944062090389993
0.9993909090646464
0.9979453425941399
0.9961178342295888
0.9890905100883447
0.9851136823502562
0.9971164977887943
0.9994269733589551
0.9990683644000765
0.9992613287408303
0.9940772105102759
0.9943584698034823
0.9990149236982204
0.9944377538774897
0.9933967887926769
0.9832362933344767
0.999999999592859
0.9999999999991189
0.997895816152449
0.9918101307354017
0.9994248280437565
0.9992250209102611
0.9892171881466232
0.9937329299361638
0.9927384514419686
0.9939667438486364
0.9992277056077719
0.9927560726061672
0.9999999972683895
0.9913400605611549
0.9996626948415929
0.9960447224119748
0.9854313921923352
0.9932248596213279
0.9930881786118688
0.9955703112383402
0.9926519304736653
0.9947367993615511
0.9915427339524989
0.9974572653946288
0.9956780727680471
0.9980464863354057
0.9933739006788985
0.9939360533648807
0.9969179614648918
0.9979339060875478
0.9989760002641277
0.9920745558192182
0.9883355623201463
0.9927535598958381
0.9940274142086991
0.9850830306221534
0.9939849393489801
0.9978865629481088
0.9832374714000709
0.9978363997000561
0.9956568360515582
0.9830597580265663
0.9939633427286974
0.9930858796079276
0.9935964181020644
0.9999999970907254
0.9856618970278924
0.9927960249432854
0.9996305329597915
0.9925058231928029
0.9943240434187709
0.9992655590026482
0.9943627528360359
0.9963554398544624
0.9950832633379738
0.9991508541985012
0.9837966303541086
0.9835485837704881
0.9883457625436014
0.986027765759881
0.9992518784905562
0.9880611387990861
0.9997821698383434
0.9865403391840813
0.9997775206758058
0.9927696890063356
0.9876042884810001
0.9942796046406484
0.9837727600524132
0.9998320987150193
0.9938931251794634
0.9991835711880002
0.9999998595017799
0.9873010741033398
0.9323901616898259
0.9948023717559302
0.9940819463128285
0.999560347853395
0.999255882912693
0.0013433700764890117
0.9939543604526629
0.99918073238153
0.9923984980229
0.9832723786623355
0.9998030580653204
0.9953555126688655
0.99384308450491
0.9950371129763476
0.9971675634820484
0.9942880568647091
0.9875279041249464
0.9941813064904631
0.9863728620745645
0.996888899789837
0.9980039575684871
0.9939384562739157
0.9999999968509314
0.9977872828923636
0.997690851643789
0.9943216012179851
0.9747298403812877
0.9931923417184543
0.9865503049657499
0.9828105120844994
0.857985788679263
0.999200301114901
0.9880962103888854
0.9951590409814579
0.9992885100611324
0.9853002967377286
0.9970696651104284
0.9958447838239645
0.9935768670997287
0.9842643887988247
0.9972797982557889
0.986984639829857
0.9859829456696809
0.9955193686834163
0.9981059471586493
0.9956968064449522
0.9925338915851802
0.9967879642552024
0.9999999997176587
0.9954756215462678
0.99740945704964
0.9878197251205283
0.9952780846164
0.9877146905230256
0.9978641510716868
0.9977701791324287
0.992904489339305
0.9950467908335032
0.9999999999996589
0.9927572726445929
0.9939237925071956
0.999999999996561
0.9991698949015435
0.992822679630477
0.9945946740497725
0.9948375075730364
1.056377576643746e-25
0.9991349273920416
0.9945995589412705
0.9848897943374347
0.0011799135704265613
0.9952405372155194
0.9673837997689003
0.9990467615350113
0.9999978178715244
0.9980681868450215
0.5193382346031813
0.9937993425898518
0.9963025616408147
0.9955699772769276
0.9923681868033407
0.9849613393695033
0.984558555578358
0.9943720724958484
0.9939399692579542
0.9833390086794824
0.9994947387446819
0.9942484579925789
0.9932238843155992
0.9983220065300173
0.9934297569173347
0.9999999998520934
0.9936187693097938
0.9954177897160915
0.9996777508152371
0.9995610967561187
0.9994733393582679
0.9980079670436307
0.9844603830673908
0.9992288645794267
0.9929847699278134
0.9932973937609326
0.9938470112007857
0.9958064334782569
0.9935130637655738
0.9975058081898349
0.9868782877170056
0.997502051170084
0.9947650155310248
0.994380498409241
0.9992469021195635
0.999433596142518
0.9937002611899962
0.9848933678948788
0.9994044352703594
0.9939874281222154
0.9984487954528268
0.9923012541429567
0.9992108899411694
0.9991699154371588
0.9879516472639117
0.9930628226603739
0.9939308552428061
0.9991785227013179
0.9937991700379423
0.9991941999941385
0.9985403524607478
0.9952137886899429
0.9921725730301133
0.9999999999989768
0.9948678910845917
0.7863339642297046
0.9999999995286828
0.999708106793631
0.9954746540730449
0.9934539617862802
0.999999982386612
0.99264928351347
0.9967210411060741
0.9837490684573422
0.9877138146567993
0.9953165615687223
0.9991848270482708
0.9828487279185677
0.9969691862395337
0.9921794790705833
0.9955429503357677
0.9567757283549949
0.9938044719809643
0.9841976471552708
0.9990121213450344
0.9925776236094495
0.9939658786595507
0.6507604687045502
0.9990939881847815
0.9877988937132508
0.9942458429094101
0.9999999994888356
0.9994307751812678
0.9879498446567393
0.9974831310615732
0.9957609247373037
0.9951502515821393
1.0
0.9955041667172043
0.995227624141204
0.9994908989308298
0.9990883791309236
0.8820163685452242
0.9975307324182375
0.993096821087296
0.9977781507364852
0.9948107900923656
0.0031225207119250434
0.9991955160283619
0.9997280727924823
0.9929087225834293
0.0021856769558853658
0.9880083413811104
0.9952164699778595
0.9963752886770906
0.9995439860350185
0.9980086281251476
0.9923734117685272
0.9980546686767809
0.9726559064713793
0.9991935214375575
0.9892171881466232
0.9890110231937546
0.9952164234746961
1.0
0.983187617206732
0.9972889001428332
0.9927374494400881
0.9999999959772765
0.993744845057416
0.99771426767741
0.9852188399070755
3.2736563304161664e-05
0.996922396095882
0.9990333289699073
0.9967755792020607
0.9999999999993037
0.99524951121442
0.021233064350007148
0.9991991731174843
0.9966260285247202
0.9999141526740422
0.06422348213078484
0.9977192541299036
0.9816995768522478
0.9945265201232408
0.9953825607312445
0.9902446646417224
0.9969928606276877
0.9996204131286601
0.9943338320645915
0.9950930979529743
0.9992092979611272
0.9935130637655738
0.9950761391970695
0.9992306612950186
0.9970451408100286
0.9998210399795283
0.9888777973259584
0.9997385218417498
0.9921920545073414
0.9977744326098713
0.9999999965219217
0.9991440961034684
0.995120375217499
0.9944850441089755
0.9925674594275167
0.9917645224856864
0.9845195736564962
0.9837715513207838
0.9995479135957694
0.9995962156699181
0.9999955781909469
0.9878254137280061
0.9999007315094268
0.9999999999998579
0.9931583478266951
0.9992590919458951
0.992943253461971
0.9961114192566939
0.999999999531326
0.9849221681314044
0.997469504610713
0.9851575679628454
0.9104188394674064
0.9945926075475661
0.9991544913311198
0.9991716516762832
0.9955330483610777
0.9945883280369652
0.9994953292738454
0.9949091310231432
0.99922475859949
0.9885371135457859
0.9991150115285
0.9917965890079414
0.9934216998639719
0.9988531303767167
0.9936836910474565
0.9942118019303375
0.9999857974581117
0.9945479878133969
0.987693774934305
0.999999996203087
0.9977445496292049
0.9999999995268922
0.9999999992245421
0.9954755498692752
0.9990580789013442
0.994676875946302
0.9975945420703209
0.9990121993326913
0.9879498446567393
0.9844777490314388
0.9859231665701855
0.895102735571541
0.9888619632904792
0.9979645565174995
0.9859231665701855
0.9993984637266385
0.9936041047921429
0.9989807403203697
0.9932190005977366
0.9973629079444095
0.993120141769952
0.9870713093792653
0.9995011417936251
0.9991273603454177
0.9927576620034866
0.9989853467242634
0.993519417217431
0.9996451506783552
0.9708973061249381
0.9991884970342516
0.3730073911078372
0.9931507258485853
0.9995735850932322
0.9999717860615535
0.9976686657515358
0.9999999984349586
0.9990183101345799
0.9955287162108025
0.9991754963469974
0.3661034865518163
0.750785638312474
0.988456097508297
0.9891908480853628
0.9942911478290306
0.985278287506339
0.9946416172885357
0.9880915014505831
0.9948198388586835
0.9996580752353222
0.9913815836795719
0.9988887407714026
0.9942359185820623
0.9982346085038106
0.9880143403444667
0.019660547902984382
0.9923393274564422
0.9944844280524063
0.9929696679433433
0.9945360804349892
0.9991630382987979
0.9943491413963823
0.9932639701549235
0.9930892890939687
0.9957342672127152
0.9966184520990498
0.99429007448462
0.9922426249195981
0.9955893965089503
0.9932718195122378
0.999133652091512
0.9888611293459881
0.9920117252722888
0.9978345221297602
0.9942077473237532
0.9980157930747449
0.9890734402220005
0.9999073745111147
0.9949676467073023
0.9991519403483289
0.9929825616571238
0.9941794441253196
0.9936036236144563
0.9921735176832397
0.9880123671575143
0.9849125077351799
0.9939637970103322
0.9991610560859695
0.999449431982328
0.9855160217648199
0.9926184482002245
0.2665656896602682
0.9832994481437176
0.9993471049494378
0.6536023086621925
0.9960669652991515
0.9952106687060126
0.9960830755133249
0.999657958964738
0.9953048050320035
0.9994888502452844
0.9935367163107883
0.9938485443439141
0.9998843115052395
0.9971653713957317
0.9991936149278485
0.9923271991069711
0.9940262981918507
0.9892171881466232
0.9832387192334169
0.9937841583315618
0.993055385769067
0.9991150622315186
0.9949713242460099
0.9884837464965478
0.9952430060945887
0.9980516941078021
0.9927121315172412
0.9939091762516595
0.996370122952499
0.9994069155670834
0.004914084880537863
0.9969076585175024
0.9937598817890722
0.9907797713622215
0.9976105138142666
0.9926793152887218
0.9952175014531807
0.993798874119957
0.9992644192263981
0.9849062659773369
0.9992302004256167
0.9992452065749613
0.9974801320727098
0.9881422081524008
0.9999237682850212
0.9951962203669281
0.9765102156860125
0.9932991424323244
0.9949037044787341
0.9999999995513633
0.9971795788851608
0.9995358093115237
0.9822667849351796
0.9992100752865261
0.9992469021195635
0.9835319332774894
0.9971765423640053
0.9951830231925197
0.9880235486536819
0.998229787716547
0.9936769560366799
0.9943817675203558
0.9923075931882022
0.9917349073525105
0.995545413946123
0.996298720105537
0.9926752607100983
0.9963012455980808
0.9993178170261489
0.9996408210542139
0.9991756098463921
0.997590938636987
0.9936393177471229
0.9876769296565204
0.9938047400205696
0.9933160206091484
0.9549582721621521
0.9998813323409195
0.9848899879689272
0.9992332533674051
0.9949151105464118
0.9975644466900124
2.078798789777425e-05
0.9990619467522587
0.9990811683972475
0.9992915584584601
0.9931549072074657
0.9855214245877018
0.9855775045651222
0.9869635241894628
0.9925426509767102
0.9944746052190349
0.9859231665701855
0.5124775703561374
0.9835228286715623
0.9991307287532768
0.9934098120629782
0.9999817856798779
0.9855160217648199
0.9946954120473004
0.9999999994911377
0.9953258541324476
0.9979138688539414
0.9954224270244333
0.996876549504842
0.999210751069118
0.9880172572788216
0.9967662394142326
0.9990710600412827
1.8459208759323542e-13
0.9999445104957613
0.9968071529890631
0.9933510388720036
0.9928247067497061
0.9217600064986028
0.993242538986613
0.999738620841048
0.9928149383522987
0.9815023452860046
0.9999999999991047
0.994048488469926
0.9992468451405158
0.9999066827745402
0.9937117897493669
0.9991186180616239
0.9885782270284035
0.9866786274393213
0.9955863957673733
0.9947653842065496
0.9992676466840625
0.9875048754305367
0.9837715513207838
0.9945615081326092
0.9962256662988256
0.9970582968025876
0.98766494244124
0.9956646736149296
0.9885705285964043
0.9923075931882022
0.9413522542924508
0.9970857073877739
0.9946140990111093
6.150636607108609e-09
0.9921829848304287
0.9830820241990496
0.9856730258590141
0.9922254144099756
0.9958122990776408
0.9943278566427385
0.9992192336458826
0.9979641003729505
0.9920579852952478
0.99897205411294
0.9837715513207838
0.9957423218590715
0.9932292393240709
0.9844870036145404
0.8364911503851676
0.999469047153912
0.9971773317213346
0.9949868724650635
0.9992255084207619
0.9837659860970427
0.9995181002724585
0.9969124186924215
0.9936485748957429
0.9932710004171645
0.587864260732581
0.9812620404009392
0.9852793863191284
0.9999638666940793
0.9999999999993037
0.9929095412294516
0.9939849393489801
0.9956052475475013
0.9894547573016569
0.9938610351120859
0.9915072029335107
0.9879498446567393
0.9996816661348504
0.9992718797656679
0.9936183701314262
0.9950387481692194
0.9954006338852037
0.9940966591308359
0.9955609514884171
0.9952369515797738
0.9990099402341942
0.9951170477656395
0.9975828466599057
0.9978751236665686
0.9953771353622639
0.9990029871284155
0.9858666185871494
0.9951969400380549
0.9847314586083615
0.9933900607437679
0.9991389030694696
0.09165394198716102
0.9968321687673585
0.9923087489859022
0.9935012260322591
0.9994729690966385
0.9932307352829769
0.9848911146878421
0.9712278012734005
0.9990990701612148
0.9946581567331171
0.9945615081326092
0.999827404116357
0.984887734300278
