0.9969807551707928
0.9712734192953811
0.9936338162603088
3.1799480514037355e-16
0.7908446427782511
0.018325636189570095
0.9664421976369634
0.9999507966168324
8.041213663092726e-10
0.9611555736281523
0.9999980510059409
0.9999999999994316
0.9990518263605519
0.9980156114270575
0.9971046248919905
0.9999999999999716
0.9999917689263466
0.9898648791742765
0.0683275493178632
0.9993824489121413
1.0492497729363557e-15
0.9999291445638112
0.07138136240597505
0.6466829687792115
0.9996907091578212
0.2548182796265459
0.9992390202922168
0.4800019077712534
0.993525347666527
1.0
0.9999991774175755
0.892083624252809
0.9980745325289785
0.9986004772023994
0.9937286678071686
0.9999216351097927
1.416978596692967e-07
0.9990463469130132
0.9972568678246914
0.9909901556937329
0.9941968293845151
0.8301785472848717
0.9984263914584693
0.9985045875289769
0.904202676904964
0.9990273784329883
0.9989389846349064
0.9822198760542955
0.9991988858816142
1.0
0.9934973548423625
0.9983578379062913
0.9960315559820516
0.9991891303952354
0.9973844509549183
0.06697092898407199
0.9971794367437757
0.9993422134066924
0.999987371938784
0.9996400157874237
0.9993097013912271
0.9853947020469651
0.9982137102450166
0.9967907567253412
1.9987655037268717e-09
0.9599274356219883
0.7908580203287341
0.021315346468188837
0.9991917643521354
0.8030141974804628
0.9986698201932807
0.9997028937364808
0.9987530900966165
0.9988103561073994
0.9914390847405704
0.9997744359195386
0.9979580124339135
0.9999999996335589
0.9996929681959167
1.3430184280783939e-11
0.999969027647873
0.9989887402443806
1.0
0.9992100864337178
0.3614782766805446
0.9996490251386564
0.9999636621998864
0.9976606581330992
0.9999390222520911
0.24356449840589492
0.9971389570494605
0.9994689498505663
0.9982840305920867
0.9978958124675003
4.885197948957925e-07
0.9997644888593578
0.9030452064173083
0.9998278294470352
0.8402873305777461
0.9972006359201095
0.9995245504990975
3.5327560295037876e-09
0.9999834494940356
0.9986056623683175
0.9992303461708022
0.8745154865914041
0.9985262504789952
0.9999895962641333
0.9972691513484626
0.9865054662221947
0.9867254994931355
0.9997024244462829
0.9998280752051534
0.9999999999995453
0.9997537360686001
0.9998707057399664
0.9832304351584943
0.6573383986176898
1.5638388252934848e-07
0.9999989282788478
5.990261726621607e-10
0.8257488957279371
0.9844846214168416
0.9990124739260344
0.9945574599228888
0.0006630299653171802
0.9998712713349207
0.9976143317792815
0.9979462719421636
0.999998398540672
0.14324622270087126
0.9914980455248834
0.9978697882338874
0.9999831797006573
0.9996374947717107
0.9996277028357228
0.9967778598258538
0.9983155057953004
0.9995711536737599
0.02420124458459924
0.5041945228762326
1.316844374880674e-12
0.9977583677969786
0.9999361876197604
0.9999999963050072
0.11898585384228816
0.9924941737005282
0.9993685442534167
0.9994811851949549
0.9996925253834527
0.9997079129780575
7.407782181004612e-09
0.9922933406106876
0.9976257983148116
0.999487405512235
6.155937398309688e-10
0.9632618940695338
0.9993511510016049
0.9998329820403926
0.9992243555814484
0.9966719696159921
0.9921002053166491
0.9990974690441149
0.9986800376224894
0.9967244856055837
0.9995720398606334
0.9954620585072246
9.605226201993647e-122
0.9996304787153522
0.9999324069413882
6.901273948938223e-116
0.9977264433592207
0.07976674169115065
0.9995003564805218
0.9998352324486809
0.06383452225034064
0.9999720537981768
3.2603341677746216e-10
0.9985801982779214
0.9423894498268802
0.88357297077093
0.9997177060329009
0.0810929179270288
0.9959220526529998
7.593121351500275e-16
0.9916113522901842
0.9994418556904658
0.9987398581343125
0.837884835798878
0.999565878386731
0.9966107910185346
0.9555064921304983
1.1494531523591898e-11
0.9992849792214613
0.9978502928917218
0.9991726482016917
0.9897950276761973
0.9984204858333164
0.9777459575840903
0.999859119919176
1.0334845236758253e-12
1.0575891686332799e-16
0.9999829391022869
0.9998689618097656
0.9996832723972218
0.9986706525646527
0.5774935653996202
0.15868123170337042
0.9969918949724033
0.9910723929638973
0.999634949511918
0.9999714361047628
0.984636453963248
0.9956602724627714
0.06804948463612996
0.998198964815089
0.9691239449398705
0.031424687055187285
0.9833996438403195
1.2425752874682264e-33
0.05828466680518741
0.9999999999998863
0.9997432305316993
0.9978138622945797
0.9528877603745546
0.9998398502337308
4.721906717628138e-90
0.9980365530564332
0.9990470160244656
0.9990083796444957
0.9995870368211903
0.9831840029900081
0.9193720352092379
0.9960152789028394
0.837724013155228
0.9994439826430275
3.057105615738746e-11
0.9999999954121677
0.999305860940768
0.9989077738334827
0.08384705754311934
0.9940745646064338
1.0
0.9991096594193769
0.9999943747293311
0.9975007120756672
0.9972499373614868
0.9980744409709948
2.1336931391142265e-07
0.9944561340795526
0.9999409005506106
0.9926632285795033
0.9997616217228211
0.9999855291378862
0.9993571324224786
0.9999341001667827
0.9995395500881211
0.999481984568657
0.9986542263399115
0.9971988104737469
0.809611432921593
0.997665154412134
0.032859011878527085
0.9997868364404137
0.9945849062430404
0.04551427554464622
0.02454577522116402
0.9983055113070557
0.9814791084737486
0.9996474180932245
0.9983473914307925
0.9952507972887586
0.9934817337829152
2.2654898800709437e-16
0.9999835852292498
0.9869911171150739
0.9189225724662576
0.9996055175824509
0.9999982105013696
0.005437047009022058
1.0
0.9996846391718451
0.9998620543473621
0.999507750967534
0.9996034996121026
0.9983810972886409
0.9567020357636896
0.9995530254469305
0.999997548560109
0.9998143717675921
0.997722724087095
1.0
0.0003346403166318286
0.9988331162541906
0.9997136379593127
0.9980343233852207
0.9999321903564785
0.998992037718319
0.9997749594783989
0.9921198208611166
0.9870234160257705
0.9989408970552732
0.9971615891033632
0.9999832510221768
1.054082275109235e-115
0.9995524265530266
0.9989633006287253
0.9999997566074809
0.9999999294127828
1.0
0.9794658961520001
0.9995985538499869
0.9999005784104376
0.998890595538211
0.9919434359669289
0.9967794978701723
0.9679667922841344
0.9911591522126761
0.999318169740089
0.9966480342841187
0.9510487223233609
0.9987877667986981
0.9999098371168758
0.9998751394900466
0.9918919240842207
0.9979444940967308
0.9975047360714554
0.9981075083923188
0.9933111756238799
0.9901974540511831
0.35514844497629083
0.8400763359985736
0.982857445520643
0.9982680152865488
0.9530773636614666
0.9983941344963296
0.9999990094172876
0.9855413175917134
0.9994691127798225
0.9970456412592354
1.5352715582287815e-20
0.9981503308163392
0.9999998569569857
0.15890866480118407
5.735214604537843e-10
0.9999502398067662
6.991505807415087e-08
0.9915780818408112
0.9995267830946678
0.9987753920659096
0.999996778877219
0.8019108387834897
0.9976950860719944
0.9996003392162909
0.3291408999270305
0.9922976443746562
0.9961888003701773
0.9926455851929047
0.996638398436801
0.9966381123276279
0.9906423814907462
0.7170804571903846
0.9989449783208785
8.529521378378547e-116
0.9990090367440425
0.9998666767596496
2.316752841866088e-08
0.3692430585358005
0.9978900031881078
0.7720041337421971
1.0
0.996192305589173
0.9997309860595035
0.9806023464166107
0.9994669795600727
0.9530987433001293
0.9994915930626028
0.9974598480323763
0.9998692252136887
0.9315221933713557
0.9999779283659019
0.9985949426666323
0.9721400711103092
1.058596320649174e-16
5.023417184413665e-15
0.0017167674227827616
0.9988300706967348
0.9994956200550648
0.9995634868954498
0.9996241361323887
0.9999643463175248
0.998560500905939
0.9866580256266263
0.9992128920963033
0.9921873690861801
0.9995436109521634
0.9937709330923843
3.647845280692815e-115
0.9971631227936721
0.9999017811473985
0.9990311521803286
0.9996587674866281
0.9700868064855923
0.9974832757437854
0.9995065834313386
0.9946449651940371
0.9989506769364854
0.9990498118225145
0.9830743688902132
0.9993685001493336
0.9988540137878359
0.9998052756582336
0.9999999999560885
0.9995999642674095
0.08852724519732766
0.9985309811863179
0.9988412772219339
0.9995145226818227
0.9983883466618702
0.9988960728212612
0.9987036973102031
0.9986934834873996
0.8495597954272879
4.0239164576351154e-12
0.9993482102354873
0.9950537063200869
0.9774026039067022
0.9999500895638535
0.9984680289981054
0.9996124347674166
0.9999999923133771
0.9997418673161688
0.9987013163246891
0.9975872837936343
0.7820023483881554
0.9996473862768788
0.9985559136923939
0.9999697382048064
0.9998226426766211
2.0799894353970265e-119
0.026487898861683044
0.9990601319607457
0.9508616061708437
0.7865241597319487
0.79099975751408
0.9999998513971032
0.9999992051872969
2.338591054453788e-16
0.9978576996023499
0.9988718743146362
0.0005638250995620644
0.9996007979043158
0.9988886681632616
0.34721977640953444
0.9175336758731677
0.998378442099958
0.508177037500364
0.9986933725872778
0.9992714551954346
0.9999995183847569
0.9967615399825729
0.9999854124117352
0.9999999999999716
0.9965200462936199
0.9999431498837899
0.5189572611855028
0.9999269774895695
0.7921501203311718
0.5860336515266643
0.9999232990518506
0.9995627064664627
0.9977868296048572
0.9999541397436464
0.9988395429081692
0.0021218407238185475
0.9969701228886542
0.9999531399595084
0.9999278989870778
0.9995504501268407
0.9999898659076998
0.9948792681014332
0.9997472022521688
0.9402634223218719
0.9997807388989077
0.7975525172027531
0.9990351662957028
0.9998266384016279
0.9998962820595371
0.9665571373260569
0.34282249417583727
0.997046911257388
0.9999776226673968
0.9977805256941003
0.9997142631178135
0.9963322355429627
0.9581812517299598
0.9999999999998295
0.8266363179854934
0.9995022474182986
0.8396600189071151
0.7733335975586194
0.9999678749448396
0.9241529463990107
0.9996822892457157
0.9905921328318559
0.8821947669091161
0.06284764884652835
0.9991719513778534
0.9918662928969139
0.9999493417073693
0.08205013123498905
0.846997538311641
0.9999829822418982
0.9998969925049006
0.9933104666251478
0.9979332874371774
0.9999685338266529
2.4740011024607318e-08
0.9998430006917364
0.08336458438004844
0.9943880743063587
0.9988019175743986
0.9815357420168281
0.9995082151236614
0.9995468397742653
0.9999995734849051
0.9999522532858702
0.9985602964656876
4.192033583297269e-08
0.9996179235887042
0.9951230387950952
0.9941782496103383
0.0
0.9997939522130826
0.9996562008333449
0.2775349739977236
0.9983088553720895
0.9966406306415042
0.026114956491710986
0.09033370814555561
0.9990253040244028
4.449265765951357e-16
0.9999923865077773
0.9998168654833876
0.9890717820111776
0.9972525081505338
0.9926658381507243
0.9999981869050837
3.863582485929856e-15
0.9999999935913593
0.9998359117790713
0.002230893866332194
0.9998148056537205
0.9812238796654892
0.9990450317241607
0.9801740155337839
0.9989197692830287
0.9765482819871334
0.9973498379253108
0.9982063153847064
7.316617387674987e-10
0.9681861315638909
0.999561672240227
0.998692056377478
0.9999486865898454
0.997778717426615
0.9998200747467895
0.9999999998488533
0.9995233144859709
0.08662894439631802
0.983004145248908
0.9660245820152688
0.9999718487729843
2.0383477456750834e-07
0.99920839513087
0.20483330898710916
0.9999219268172049
0.999365525349805
0.9923144874815787
0.954422159749363
0.9999999999999432
0.9769223682546169
0.014201094379592272
0.9987634998444224
1.0
0.9989580096952764
0.7736898179530824
0.17060008646398053
0.9979144072752825
0.8781793564863687
0.897810147617916
0.9985447873540247
0.00038583190636835586
0.9986730291694217
0.9979691598055828
0.7731761353301734
7.53514935698643e-47
0.9966046281997206
0.9994416886216385
0.99927976549952
0.9923537408243236
1.0
0.2648722234612368
0.9997420634378155
0.4174641289408176
0.9984399021135253
0.9990781827403198
0.983464365789365
0.9989161819774268
0.9990519732174985
0.9986949684828049
0.996959524943639
0.9996606731432229
0.9940861585088256
0.01479749472742304
0.9999999999995168
0.9999999999999716
0.9971651360167734
0.9667616373897743
0.964237684248132
0.9659937297764755
0.14141778767494578
0.056740658994058994
0.9989940423167756
0.058033824171815844
0.9999999999996305
0.9979362517671471
0.9996074740358637
0.9972667225485526
0.08648934861372604
0.9927518741820811
0.9997842806639361
0.9999493613664373
0.9966249236123487
0.02367806779013637
0.9999999999996589
0.9644609292809152
0.9996805201011603
0.9992509624334938
0.9997839196130773
0.9997045319535821
2.42278080191322e-07
0.9962325058204654
0.0007396759015271883
0.6680443646777088
0.02111281848660129
0.9994425378801847
0.9971338748648011
0.9985964623381595
0.9996705304704208
0.99068873003991
0.9955111804269001
0.9993851907227354
0.9998126711935964
0.9999730279554453
0.992369184757226
0.9999768235397755
0.9886972563932047
0.9838903635816498
0.9996085687212712
0.9970542428286382
0.9972522765459901
0.3629727698044729
1.0
0.07019083980771308
0.997784288477175
0.999481408250465
0.9951048583911114
0.9285648216630824
0.027657698999236577
0.9992418302457441
0.02474039533712692
0.991138924196476
0.9028447953072615
0.009796295655545765
2.076587608229795e-15
0.9997198588245466
0.9998737460109702
0.9999998849918721
0.15017518497247453
0.9691930964796066
0.9974979053120893
0.9960867145699912
0.983050970818269
0.015200091200520415
0.9833326609009184
0.9963110773041063
2.9941069542850494e-10
0.9999940140842896
0.15630703137943122
0.9672292326413019
0.9992141805641018
0.011652089022012048
0.995116678330912
0.9990214863546826
1.1153860231498353e-117
2.2583107386132026e-09
0.9980357886550718
0.9982049083197755
0.9990890006193062
0.9535695483689203
0.9990415335884988
0.9880706036906007
0.999813075013785
0.9922345041150475
0.08725003346183997
0.022910584694882725
0.9919279833496897
4.4368853081513655e-15
1.838855983705488e-34
0.9970009419382099
0.999908367437464
0.9994677657653932
0.9918224517616315
0.9995829735029607
0.9960285446157553
0.9904330642121368
0.9993334236346724
0.9997302940225231
0.9844292195118022
0.9978571589450949
0.9987446072466701
0.9987972512850319
0.9970465825992414
0.47286772837722046
0.9999394879630195
7.126388301350104e-10
0.9999942946290516
0.9952633957891828
0.9917726674138329
0.9990938115342175
0.9988579131474735
0.998957088175797
0.9934942891211548
0.9994733649018652
0.9940514504591109
0.9999999999985221
0.9606043284384456
0.9994903221529822
0.7853566168778244
0.9999844228005592
3.2998458186879307e-08
0.9988900837003637
0.9999399454779496
0.9947211075413093
1.09515158122647e-07
0.9862168589189422
0.9825661475369964
0.9987948456234089
0.9907866458250713
0.9996695384915216
0.9852120142914136
0.9979982338936102
0.9999999999997442
0.9906442011089147
0.9979211412823437
0.9977079351611432
0.9998827142257541
0.9999986498373821
0.9990467222493844
0.9995899332658437
0.7096218791423511
0.3273083362035803
0.9987431978297746
0.9991930603296681
0.9970475215461874
0.99425176601575
0.999999999998721
0.9939564153727599
0.9993840631070633
0.9987400931026089
0.9995821316172093
0.9597946406017247
0.9996428338746507
0.997816273961011
0.9973598071650936
0.9999903585889548
0.9999181241513604
0.9999138608612174
0.9992988154320975
0.2967609124375711
0.998927600500329
0.9973932106316931
0.9998325471002063
0.9992639802002081
0.9979135693500287
0.998886542230718
0.9990086682681636
0.9998854620252926
0.9998679019507173
0.9996434958506796
0.9843491470069856
0.8580612969267485
0.9988269898596058
0.9840161781175274
0.9999427099935846
0.9990676851819014
0.996815795220368
0.9969349389930867
0.026357561515378
0.9996815478849673
0.3636265100746563
0.9985235803738477
0.9955105045485928
0.9990631312106621
0.9994384636196478
0.9989674794284773
0.999831556865977
0.9683579680065033
0.9959625389460225
0.9992167578320438
0.997489906841277
0.9961221879153469
0.9989540191594162
9.759112131944673e-60
0.7106823532534423
0.9995630059432536
0.9996989522086859
0.9999280301907959
0.99523434716679
2.5729140178127265e-09
0.9856607826197982
0.9238324254749587
0.9988385937117943
0.9872898120517318
3.5066004126590536e-17
0.996250426001174
0.9985742489024884
0.9682278811109128
0.999344339929293
0.01079533038553116
0.9940876819373899
0.9995063829293166
0.999771069440361
0.9879933361474944
0.9990452187197265
0.9985945101421504
0.9957253023372988
0.9983753631781047
0.7063926377110714
0.998803502442528
0.9844432792971538
0.9941599144974629
0.9569545012396903
0.9922840679750539
0.9848044323046785
0.9999794027821027
0.999999855991415
0.982343502534847
0.9876037186180153
0.9988835656908019
0.025615437535596735
1.5691932146211606e-07
0.9779471642616453
0.9995574260708254
0.9823039782903816
0.9999785057213381
2.0305918058816813e-117
0.9923003845059652
0.9934954608970852
0.09231714220946693
0.9974057625072846
0.9943564830151382
0.999960211130965
1.3325395960973853e-14
0.9028644581808795
1.0
0.9999043216587101
0.9994004312999946
0.9987777333038804
0.999521802235952
0.9978236610098137
0.9993345079339886
0.9843326773275047
0.9990265682140139
0.9930375676636913
0.004130963940722917
0.9999367416106475
0.997605793393557
0.9978064434023484
0.9965817990126176
0.9999985028609737
0.7042648784922961
0.9999855704041909
0.9995475120572622
0.9970458327791714
0.04870490698754427
0.9978462866456969
0.985098472944315
0.9854271874238871
0.9941544447927266
0.9987270637073243
0.8484834546672659
0.9967771771877344
0.9864261898895963
0.999625397578226
0.026556195069911134
0.9996491284579613
8.537332900441827e-20
0.9999013126162619
0.9999660055207876
0.9985921686300913
1.046129927949706e-07
0.9998341361796224
0.9986478954249426
0.9905696056459711
0.999484309933448
0.9999256677930509
3.271053025347114e-05
0.9993811927425275
0.9667240171409447
0.060217848869747716
0.9605475307125861
0.9999108048997879
0.9986020601027197
0.9996157689977515
0.9999999999999147
0.9959355003873686
0.9998899276606937
0.9987181809837713
0.9997625264961396
0.9917688110594071
0.9966922906202654
0.7933955166615312
0.9918240850522159
0.9994562630613315
1.0
0.9699078018597058
0.9995349782789045
0.9999269233457063
0.9999792869876006
0.9919296865129853
0.9999559253401502
0.9706411295001963
0.999820516281762
0.9981040142754638
0.9936382629972021
0.9992122816254174
0.9655430011862776
0.9999765293179113
0.9989938972692063
0.5409699590185257
0.9981488487603014
0.9982236375222263
0.9879184274544193
0.9999244058131262
0.8859031565919687
0.9995179057144903
0.9818448000780123
0.9996957149738548
0.9980813232309098
0.999880350537345
0.08019555541460668
0.9950511353618898
0.9913286501171263
0.9270538215357197
0.9672086789005822
0.027876662537112535
0.9995795181118284
0.9996890685710643
0.9999998970407713
0.00048811695729209154
8.889489020324764e-15
0.11652423417276547
0.9976359665204066
0.9988481821732864
0.9998739701806084
0.9999952056302668
0.9735254259778108
0.9854474416195128
0.999920333262731
0.9996293087409129
0.9996484230193267
0.9993677710447637
0.0003759250841415188
0.9978090006176186
0.9992921185563507
0.9982749309068965
0.8818784838033514
0.999755415240264
0.9999876702492382
0.9998431323806221
0.9991277242699995
0.999730386401443
0.9998443985879438
0.9856387249622964
0.9175045621684506
0.9998423945103484
0.9999853150795769
0.9996065284342326
0.9998669015373527
0.058801453795957734
0.9985896451548325
0.997478914569887
0.9997648897528875
0.999534079223581
0.9996183248491712
5.156681687574847e-08
1.0
0.8324777109132587
0.9988112234348974
0.9994145287278856
0.9993740319807533
0.9999999573441025
0.9999843765992049
0.8268813254336551
0.9054408970924208
0.9971052366951797
0.9998374018433782
0.9996656992888576
0.9999511573125923
0.9851584469604737
0.9692480086309792
0.9994844813144611
0.9932314083353492
0.9999399529684676
0.9965138844505378
0.9981890101321951
0.9999508687548315
0.9970764777941991
0.9990672263068995
0.9999985581192611
0.9996906241954123
0.997114433503964
0.9998202975286616
0.9975980018981201
0.9948466018964738
0.9994467050955128
0.9918975424935793
0.9382231602592259
0.9999561566920453
0.9990423778528787
0.9985494994564772
0.9998296105158178
0.9999998873200077
0.9999677068199844
0.9998466742340013
0.09478403442439054
0.1662645889935444
0.13887448226904942
0.9380679805278392
0.9974314105061645
0.9995468020630784
0.9952015623008804
0.9912860460287132
0.9990691560732237
0.999543976022213
0.9966344228224696
0.9667347799155299
0.061747442677285234
0.9952116081305875
0.1728946538667425
0.9984168276281055
0.9948064830715957
0.9995509366478534
0.9997639007475553
0.9989208175410395
0.014122883023881726
0.06362309594419722
0.7731002860381324
0.0024386588651923043
0.9987688713580809
0.9820911517657187
0.9991094066690615
0.9998949904699725
0.8776263659964462
0.9999282830964225
0.9993515601674943
0.9763630190321799
0.9998288153089093
0.9967382616009859
0.9985007073426356
0.9999999997858993
0.9920600578278912
0.9999976295100866
0.9996205414163635
0.9962227050067485
0.9871486355244408
0.9980127469661532
0.999630023779583
0.9990852870519209
0.9941934501338769
0.999923691450204
0.9997220847817846
0.9994150313079649
0.9999370450068052
0.9993948458131775
0.9999972951461219
0.9986501164647368
1.0
0.9999098401858026
0.11634129324896826
2.7262347299335207e-14
0.04007577717773678
0.999794829394204
0.00024290941885927937
0.9947377225905549
0.937619549392938
0.9999999999998579
0.9969903434030489
0.9999358905270528
1.2323177310969458e-14
0.9975608697658231
0.9999977534960404
0.999980457530901
0.993741577667257
0.9998944332095684
0.9993661067922641
0.9999998484638696
0.9997177270013207
0.9986456473541374
0.9991969345742062
0.9824947392549661
0.997323276614045
0.9982816570331481
0.9994845577220913
0.9973321579214968
0.08520504179831973
0.9985814784276767
0.9998851815112904
0.005918033225889526
0.9999495935332714
0.9997585799167719
0.9999860295621816
0.999474406770077
0.9979735360609647
0.9956225942304053
0.9992608379367187
0.99940476659763
0.9999404156064605
0.9976633757849748
0.9997114348755143
0.9995774570746325
0.9997463208809769
0.9991905932189129
0.9992106676524346
0.431699487041544
0.9996199192448393
0.08815778303783828
0.9989992172018732
0.9998501012748983
0.1292625710581825
0.9999991247344007
1.8425896940802498e-11
0.9975351128273144
0.9999213528231802
0.9994304837713245
0.9996201931244282
0.9997776930317609
0.9999013658759903
0.9998060663052559
0.9966509378370256
0.9998734123248231
0.9999816236994477
0.03107778050919918
0.8769332927535521
0.9966218392858391
0.9992185183826477
5.335988800356815e-09
0.9996908328636429
0.8995130124020382
0.9981700413569733
0.007187563705489663
0.9998716280509465
9.847682185340219e-15
0.9277278437781162
0.9703456217151369
0.9999324968824627
1.0
0.999596980993681
0.9991140808784766
0.997482584039753
0.9992547172095333
0.9990295407032133
0.9998912435564146
0.9993002061143219
0.019701062253964726
0.9621354911405955
0.9985087193830899
0.9971003495636874
0.28001952867090046
0.9997445703278817
0.001898506420024416
1.3227837230528848e-10
0.9869941561922069
0.9982041598455377
0.9933156380331306
0.9907803527402322
0.9960004021843025
0.9999738540712257
0.9936895074246007
7.16187873637551e-09
0.9996568516206755
0.9972820067617285
0.9979673086447155
0.7939329544491469
0.9649967645504423
0.9999395507364975
0.9969947623363207
0.9997308905082688
0.9987789585502639
0.9939716967081279
0.9932454460414946
0.9995748021404103
0.13131117283530916
0.2816590061491913
0.02928934710981325
0.9934207142410866
0.9999719596904775
0.9988748827150655
0.9988918110441906
0.9976626911367713
0.9997595399210512
0.00025968365532230193
0.15890148704090037
0.9751075407628681
0.06253635104133388
0.9226605303331412
0.9415019248984449
0.9973984383173401
0.9985168503692179
0.0077971177866489735
0.9979652044146128
0.4263491297952092
0.9972718020427668
0.06591982852366393
0.9999717101539307
1.692798895685391e-118
0.999981381136667
0.9979479118534551
0.9839489503001861
0.9925588294768456
0.21686642220312669
0.9981651148490445
0.9988683520392493
0.9989035845711365
0.9923951039290544
0.9932344242047022
0.9987369635793579
0.9984912444147687
0.9966064676392947
0.9978887720849322
0.999639350443248
0.9914966764233103
0.993637820468501
0.9973771381252607
2.7376873060089426e-09
0.9995948330113902
0.9995964962851606
0.9918405364755315
0.9960728956953058
0.9893833821436738
0.9983770466488233
9.475564407440254e-115
0.9671963409417689
0.0003484704159535664
0.9997410976254893
0.9617355284440645
3.777909990825197e-81
0.7719575605875171
0.9983096881752977
0.999721067390211
0.00039509914589018334
0.9999999968253519
0.9989681348920688
0.9997057370453425
0.999186616669829
0.00014414026852411875
2.7452113367054393e-09
0.5454394121903495
1.1806867153320034e-10
2.2601806074784856e-116
1.0
0.9996646936619331
0.9994029660473599
0.9999994471215353
0.992796843861376
0.9998469986802433
0.9778064179256059
0.024908280025159903
0.999991310210488
0.9999345887860808
0.9883675200525065
0.6537046493697318
0.9995361424607504
0.5617489401908309
0.9916123752865785
0.9975592765775908
0.9983000202424445
2.3985860501232935e-13
0.9984269141586081
0.9148169813692295
0.9971691514592083
0.9918693282060385
0.9991993208485984
0.995898277503531
0.9829429554180233
0.7880482706587995
1.3694311867246473e-09
0.8333541462805518
0.9994898818716808
0.9985422978439972
8.451425361855946e-16
0.553186202254244
0.998945213778356
0.9989734718160208
0.9996835851381867
0.9996085186399185
0.9946700989628268
0.9530368671272363
0.999150828243487
0.817973439881454
0.9999956963639486
0.36080940320742655
0.9998165598369334
0.0009633530696086756
0.9988135077165641
0.9998906864294209
0.9999989776484707
0.9993922576781974
0.9751760638007769
0.0663463975670776
0.9988596816788192
0.03437057587154676
0.9539811844450401
0.9999042530230716
0.9995360514435025
0.9991912424969772
0.9852077462598922
0.9999999813130389
0.9840682052362919
0.9984490663881203
0.3718251159215004
0.999193349367016
0.9987651976049324
0.9401264190232222
0.9517335542427446
0.18038251859185675
0.020530429385339645
0.9938278985639913
0.9998797151505695
0.9821109403999638
0.9998356282776195
0.9924982370213371
0.9959815802726771
0.9921852376479353
0.9854043141053904
0.9995468930930949
0.9982604378048492
0.9988074981142663
0.999996880375028
0.997938733889772
0.9992145887713502
0.957395372484714
0.993759067925842
0.9994721235085998
0.7967433954687849
0.9999999104898945
0.9547912157095109
0.9980810418026508
0.9984692241259636
0.8498222911944655
0.9999513149114426
0.9999413282773219
0.9993917466296005
0.9972047645140338
2.621099189324297e-07
0.9667517295687736
0.9926563765096749
0.08496213632687336
0.42721941287061344
0.2650471554700851
0.9856609425102341
0.9985578188945657
0.9968078017094893
0.7672574997796233
0.9989595879221613
0.9984823560664804
0.9994492296203797
0.9866652335967259
0.9932786698126992
0.12798984139008335
0.9674717391337898
0.9993481688610237
6.411462968788992e-08
0.9967382861031678
0.9999545044488004
0.06688804431289085
0.9990125889840643
0.9998121237007933
0.9862829835862039
0.9990614506083711
0.9985252470757532
0.6926110713361183
0.14660605990686973
0.020569514324652073
0.9999336461932498
0.9999296661694344
0.009356933394182964
0.2558923431666357
0.987700985225137
0.9978449633205334
0.9998211386126089
0.9997154026365851
0.9982443433923883
0.9997139849129932
0.9996235894377599
0.9536315033177086
0.14286105309476693
0.9992792573913135
0.9984178751522048
0.027540689021598896
0.9460855174662207
0.9993640149307106
0.9932465144842677
0.9970012016371839
0.9989813132379364
0.999945697238432
0.9999999994041673
0.9896657638599157
0.9838845444843269
0.9999858859961104
0.9980349771998147
0.99793886438154
0.9998948941686377
0.9882925468912015
0.9988300589048223
0.9974219971905443
0.9990598766780586
0.08598906086175731
0.99960612664819
0.9998062288825189
0.9971177692406284
0.9997265352428961
2.0372413862282178e-09
0.9512859289180408
0.997857992723424
0.02131860939865412
0.359183952516547
0.6034433329948495
0.7632890472749239
0.9999998828538492
0.00036166097216958976
0.9999404997335195
0.14984181251164583
0.9381517546781395
0.9967669699790592
0.6648179539453094
8.310013124492367e-10
0.9950719014340313
0.9825982760023748
0.9980598927853457
3.684569266434964e-116
0.9999585406274515
0.9995507085727622
0.09337701119984838
0.993329335307152
0.9989948374620853
2.1575732120881847e-07
0.9992649237525045
0.7913220231204855
0.9999978294001973
0.9992273812622366
0.9969804853396967
0.9973267750559865
0.9993608329891487
0.9167708359492027
0.5928428331973351
0.9982697100095355
0.9522671796556907
0.9926069898494557
0.9973481958385316
0.9970207839021182
0.0026666825571226857
0.9999849199022511
0.988639683801205
0.9999160559780482
0.9986163700183995
0.01384831509174189
0.9977074510524813
0.9994994368488982
0.9991423944587767
0.9814851805211322
0.9999475368394466
0.9999369567928549
0.9975372596290752
0.999816188716147
0.9989682276456129
0.9999928801799395
0.9682834051364574
0.9975332300909554
0.9994715973070302
0.8215110305143938
0.0012981356766943143
0.9890996947797781
0.9996862225768964
0.9993884738500091
0.9925476334521387
0.9999991794040525
1.0
0.9986110285980074
0.9987495375470078
0.9977859065136556
0.9961611957449652
0.9998263615726772
0.9803895883753091
0.9994157788522154
0.9996454659497807
0.9988105100050179
0.9965803584340155
0.00752212568355955
0.9993111956806305
0.9980676047294108
0.9920010858287736
0.9999775638207986
0.9995950923913518
0.9998556783617473
1.0
2.208794042998448e-115
0.9999903803094686
0.9995228904710737
0.983308404967955
0.999810872142443
0.9991678431238923
3.954424875696146e-06
0.9514827043610619
0.7501083917612148
0.9845710603336972
0.9999936539484645
0.9972968816001797
0.9976359977391586
0.024484250857617004
0.9999956582187688
0.878619065406725
0.9898610104262648
0.9978285860712663
0.9999999999998579
6.078482272574053e-09
0.8729026997672972
1.8849677062712982e-14
0.9991079023275466
0.9998111881986507
0.9671998471086187
0.9980998283910792
0.9987316348037294
0.9989758671046618
1.0
0.9993829615964667
0.9992885437399578
0.9996388805728287
0.9967639468919647
0.9972170732441842
0.0017760678184995723
0.9999909922153859
0.9437113583343645
0.9999643681204621
0.989978094851923
0.9936329923717221
0.9936773675950561
0.9817355965671033
0.998798631312
2.9880410367676383e-14
0.1878505887723692
0.9937580577573052
0.999340739583619
0.9963291962086476
0.9998759754495253
0.025479846121377155
0.9990265500554558
0.9972656814633354
0.9526220039438543
0.9998177581352192
0.7743273053674141
0.9987863985225844
0.9195775204209061
0.8672446244328651
9.375219850775732e-05
1.0
0.9995813012404693
0.6834946818760271
0.9979462350884583
0.0012550901214551738
0.9979504149705828
0.9807511354499175
0.9978646072721122
7.346783308163252e-05
0.9964133864532432
0.9999996206674817
0.9667202693696219
0.9993585225598193
0.9999001152175822
0.9991091189639619
0.9970793779118178
0.999722683584383
0.9940825024761737
1.2964380164717999e-15
0.09105670914769817
0.9999829462082751
0.9985637655788355
5.658912082133608e-06
1.9401100178008e-09
0.9942007736371401
0.9995136869200287
0.9999999999998295
0.9926535329890641
0.999065470518807
0.9987965601704162
0.9983505455135894
0.02517268898848228
0.9562883693608322
0.9999349097200488
0.014914546469147192
0.9999167286492838
0.15853330997986956
0.9979157006306766
0.9938402133988641
0.9987427286038385
0.999330812758293
0.9998095647172288
0.9034861299713434
0.0252513726630195
0.9899100659986473
0.9976382584835319
0.9978225029623293
0.9996836069081239
0.999938957737809
0.9986249847858861
0.9970176759934821
0.990273222737124
0.9991105857088718
0.997856496421368
0.9995602091917538
0.9994572223372336
0.9999271079948677
0.9965360064724708
0.14869917963700474
0.9595481925637532
0.9999790325592591
0.9999495485473847
0.9998244747279222
0.9884926027987062
0.8378517689332013
0.040276153537042475
0.9985256972255399
0.9996891216990169
0.9989489136147413
0.9910309032238442
0.35802207957484555
4.947150636112465e-11
0.9999593558749527
0.9987459254671367
0.997732342606669
0.999940530823599
0.9973789221184666
0.9979426814703866
0.9977796629479537
2.0729226527816603e-09
0.998737105302573
0.35256071646337717
0.9994586885448706
0.9979032003897859
8.966298616077294e-15
0.9969385852479563
3.5202835310933666e-15
0.9866616429835784
0.997269012172083
0.08721480848819396
0.999639471343958
0.9970845677427645
0.9982293130592733
3.0892650155691013e-19
0.9999491155726807
0.9930598525960153
0.9998240941322549
0.9989066488656249
0.9988112681259761
0.9943787519377343
0.9996628628534553
0.9985117417124109
0.9918925084390315
0.9964165550223995
0.9563413672590229
0.9973819550932331
0.7514316500809818
0.05905945608856237
0.9989172280624069
0.9997483040800926
0.021125401108177722
0.9994990161945926
0.9982444266085865
0.9921922881282261
0.9999912862297372
0.8840395992479837
0.9999994519108465
0.9966868801928556
0.9993848141842171
0.998517576944629
0.7732486096249915
0.9998209343509107
0.0004599296632015378
0.9998871862666621
0.9995694439674708
0.9999787707323432
0.998118512179692
0.2318543100254288
0.9998424253373316
0.0857520457283215
0.030291931957476814
0.9657251132126253
0.9999619293775275
0.958030119328425
0.9999998579525128
0.9996036141418099
0.00015396313993915132
0.0029399470012229562
0.9990753081756206
0.999998598797718
0.026777230909168687
0.9999058866256839
0.9998673163656491
0.9870199606771825
0.998778307837622
0.9975366496414516
0.9990553783596818
0.9998726699193252
2.7522323861389042e-17
0.9982847369134351
0.9985808265996257
0.9998570533007224
0.0007824139823971647
0.0
0.27813800032198055
7.339583262717693e-17
0.9998784539261382
0.9969392362385253
0.9848518581690276
0.0882992068007906
0.9988672034733702
1.477195544092498e-16
0.9852311527874321
0.9994173973848093
0.9979840919321005
0.1743461073338247
0.9998683494438361
0.9998208414545402
0.9990695829634634
0.9961262424764965
0.020121229966798448
0.9999998906172098
0.999931803331839
0.9926873822263325
0.998835136513128
4.118323320170912e-111
0.9934501007489126
0.9960149111397615
1.0193612536907455e-10
0.9988879108444848
0.9978442497557998
0.9975775223943018
0.9979679703985568
0.0429695497921397
0.9993661856919608
3.8914593457799064e-11
0.9909026986442669
0.9979887040455246
0.9997051325045656
0.9999950706155821
0.9978943626685882
0.9943065089182376
0.9977907570280412
0.9728412368949799
0.9999410062649134
0.9957306242187932
0.9577116362230593
0.999837980810429
0.9992739591851802
0.997005787351061
0.08147529359782293
0.9968565111826938
0.9955108224127425
0.9522712235999325
0.2311961973166887
0.07573004287456443
0.9999214531194028
0.9999957566811805
0.40218396836131115
0.9580935450850481
0.9682940831461276
0.025469452388694667
0.9972407525795122
0.9875376866081477
0.635675578816068
0.9882293792356981
0.9998569990984961
0.9996039955290738
0.9971747204175858
0.9615712482476618
0.9986103687101564
0.9974303952215702
0.9978258294250242
1.7294598930340164e-10
0.999987187242882
1.0
1.1516965861558054e-08
0.999889580317774
0.9999882418726203
0.9977768825762043
0.9985001919668174
0.052703445412397854
0.9997038210535427
0.9988534500856517
0.9989986487078146
0.973968188093877
0.999992446122145
0.9418119236127824
0.9999012977637468
0.9868149997677379
0.9996251877780064
0.9988420724247558
0.9993035239407857
0.999999999996021
0.029029146262917842
0.9962026119212957
0.9995962504942734
0.9996421775385236
0.036309907620924176
1.0
0.9998598704700173
0.9996679988106877
0.89395672629054
5.914743423918901e-09
0.9995973718198556
0.9996196390927103
0.9999999999998295
0.9971109288614382
0.9990664949686432
0.77458730965937
0.15707621003468691
0.999844023200115
0.999975635099126
0.9976865534225831
0.9999467947156053
0.9963044991166848
0.9941186701690935
0.9997053195773999
0.9981447110980746
0.9984283983718271
0.9974870147377898
0.9845115859364374
0.9968037044372814
0.9924384654586046
0.9978963188739489
0.9888418705369285
0.9999992838036185
0.999529427154248
0.0007499313714656167
0.9787074880894331
0.9996252688909513
0.059651127912347966
0.9999327802111638
0.0866384550739768
0.9994121884171933
0.9999047435578613
0.04813260496620626
0.9867021272792255
0.2376333217216966
0.9942787248309598
0.9985576563165032
0.9967439529664863
0.9972532193269029
1.0
0.005794732186835574
0.9992992294693074
0.9996256411863264
0.999588918097434
0.773519387052814
0.9996290518129911
0.9995767791845892
0.9965493231077045
0.9989710429700492
0.9998365616346925
0.9905233547068112
0.9103919514064341
0.9989047513097267
0.01343530535460956
0.9996216269788056
0.9990001449372332
0.997636911973331
0.9976948311318976
0.02453201320857761
0.9325138124186999
0.9975302803844027
0.9999638006692694
1.0
0.2617641268448116
0.9989584969050676
0.9947466110695545
0.9985204977152533
7.779062689603186e-115
0.9984372051586283
0.9978342441310326
0.8502352737821363
0.9998113356537938
0.9987699557152551
0.1955532648104832
0.999668475018687
0.9534911610634275
0.9990079967101146
0.9999363145313425
0.9999999670521055
0.998771265278365
0.9999475152017988
0.0003448022444672856
0.998730409161003
0.0012839675772645148
0.0017487852193696488
0.999513157714432
0.9987104090685944
0.11544893911466783
0.18036353713724726
0.9993825912482823
0.9997760788952956
0.9990239324214086
7.616888248456275e-10
0.9987660788743175
0.9961699970828634
0.9982113765224222
0.9887126628223112
0.9995762763094167
0.9987358219608801
0.9997801321354411
0.9998973746808647
0.9997116879416763
0.9984553900655674
0.9966702460422123
0.9999935694927008
0.9992376652287919
0.027578099802424712
0.7847410666467495
0.9999028945820667
0.9998996063853373
0.9930274063987474
0.9984361064833321
0.05888066329846107
0.9978940217539122
0.9980897269948958
0.9972590157850404
0.9887140950034565
0.9999998556035157
0.7166833479118107
1.0
5.357835949022604e-10
0.9996150946958314
0.994018192232265
0.9988850173396765
8.564340169854287e-121
0.9995219239595757
0.9992592699765029
0.9999781707475701
0.9999999924255007
0.9994258609567085
0.9660100656475027
0.9999985702962408
0.9875798286284522
0.9972519581266205
0.9197523325246415
0.9996182683290026
0.9996405012987607
0.9999917686030239
0.9997088551251381
0.9972679919358122
0.9462583463400355
0.9998214425912129
0.9999940600755708
0.9999239702881961
6.906943066981357e-07
0.9999978874923132
0.9989485907857656
3.2926973711077796e-08
0.9968959860440757
7.157123835208293e-10
0.9851180362691625
0.9994130385525886
0.18613356762783181
0.9998883050383061
0.9620383281783353
0.0882139382701957
0.8648651082110783
0.9998235621273142
0.9999993199570593
0.998430993742255
0.9999995803986536
0.9996437116173669
0.9992240234858261
0.9996342977773784
0.9999243356256518
0.014525059102359053
9.646631537691863e-07
0.00746476426953192
0.9972306509344778
0.018470529288783448
1.0
0.998395158805346
0.2666596570713235
1.9561609540781423e-15
0.9823033502998542
0.911422523831245
0.02977190646616924
0.9990625732562871
6.401535819261492e-17
0.9978402838697378
0.9808346990003385
0.9998272194807194
0.9984711280497686
0.9045491613542137
0.9876869959754903
0.999644779324179
0.9990043515376891
0.9994761387651975
0.9995698841007207
1.9142124205766493e-09
0.9999281453985214
0.9999777615159174
0.9867031452157825
1.0
0.9940265373689045
0.9999999999836291
1.2245227229488819e-09
0.9996268825402236
0.9989845333136371
0.9931587840912289
0.999916204054586
0.9847589978038526
0.9985551270202041
0.9983787848169484
0.9586903488498971
0.9999979712473932
0.9963260761186113
1.0
0.9999583738892969
0.9987502288404216
0.05920551711382525
0.9839009762231461
0.9970017440150977
0.9978082130593349
0.9999513762846263
0.9982088583644407
0.5111290235392532
0.99281123962432
0.9516110555218245
0.9942899776836648
0.9993010087034158
0.0011890977332872767
0.9990802106977247
0.0890102183388449
0.7353645706690012
0.09796639964213442
0.04530930524354566
0.9977895710278436
0.8921363335486764
0.996741645877405
0.9984707273094245
0.9919135476688886
0.999867260676864
0.9370549347000778
0.9941839918079477
0.9998160683972322
0.9997149277747157
0.34754933963181633
0.999997761055857
0.9989374850218263
0.9997142065613916
0.0010330330495518759
0.9994564344301783
0.2867765139174276
0.9999999999999147
0.9966202911689392
0.9998958974514592
1.1701509003145983e-14
0.9999998092971407
0.9809956560176909
0.3233869388616255
0.9999655010369203
0.9234082489755225
0.996596945751107
0.9721625269580564
0.9992679985395428
0.9919117207557839
0.9999372010869726
0.7274737102177845
5.165520778365523e-07
0.9996841489131527
1.0
0.9960323058245765
0.9999999996550457
0.34868013150553445
0.998088952155676
0.0003813132686492471
0.9980526767163801
0.819111555579302
0.9999456577466794
0.998540153443739
0.9999168541750276
0.9976509052768064
0.9334816411463233
0.9989127463855266
0.9982904805346684
2.0772804875056194e-07
0.08752653673480043
0.9993406297482241
0.9999999999999716
0.9998600174271582
0.9999996208900804
0.9988471675672155
0.9937163164826303
0.9996294334409432
2.8102556281758526e-11
5.2788563976320165e-08
0.982444030082307
0.9918869243752395
0.9958291447677531
0.9352530207705184
0.9990340343156919
3.72863563430535e-08
0.997565932228541
0.9998152926663975
0.9975652922706855
0.999625564195371
0.9977384723823546
0.9999922593116565
0.9924075728213232
0.8752046942097921
0.96393365702607
0.9992459321446191
0.07218548029257986
0.9985727470201515
0.9989469842059376
0.8205101362512383
0.9990439641206209
0.998579449887296
0.999616599112681
0.9993230794028551
0.9885565419755654
0.9998408742354502
0.06615775978411217
0.9999224433236731
1.3212017900258355e-115
5.187829593650227e-17
0.08910267896708571
0.9978658773167678
0.998701767678939
0.9990804563989494
0.9993869296567685
0.9999348979191854
0.9997785844770227
0.9999441108450912
0.945010611451699
1.0
0.2011459692219484
0.9088205705249955
0.9993808915427934
0.9999999999998295
0.990097589125036
0.9995343961429228
0.9863572743037785
0.9988041466802493
0.9979338608306584
0.9991243393536111
0.9999593369149758
0.00010113071558770857
0.9993496834742183
0.9997642431268712
0.9982862323002223
0.997064783475894
0.005512738325192089
0.9975323772982534
0.3647927961287463
1.0390000405935258e-08
0.9990506337039097
0.9922707220573449
0.9988469893922006
0.03546142365559606
1.8468527610512268e-06
0.9629676242215901
0.9953967172958871
0.9809221721236231
0.9999974319279664
0.0733854366929889
0.07051671169862843
0.998079842621029
0.9187754918971321
4.3954925971847896e-16
0.9996886323245222
0.9997330689773364
3.2981178003082e-118
0.9996921123716899
0.9872047751500465
5.825529189494229e-112
0.983464921039094
0.9983603371957045
0.9990138422737481
0.9988215863144848
0.36631233716296063
0.9985099332207842
0.9999999999997726
0.9995534700660075
0.999720744617034
0.9999488232724479
4.1333947406510453e-10
0.961698852505561
0.005683640700873393
0.9998219805657049
0.9981247349543788
1.4063977668206453e-14
0.9987785014871928
0.99960282560262
0.9995837103428983
0.9998874209277897
0.06529807185754448
0.9993811483552084
0.9991900716981928
0.9995661490858282
4.052719762631444e-06
0.9847134376417555
0.07298752504962436
0.9848545161571933
0.9999215406948777
0.8327712086099923
0.9999338751778761
9.748982840243246e-17
0.9691629920238519
1.0
0.9999355984538387
1.0
0.9932043447012715
0.9999362047701731
0.363392179562188
0.9972073923228283
0.9981848332908262
0.9985998748773475
0.9996707541298712
0.9985162681700376
2.5717084815225644e-08
0.9828941816025523
0.9848502108780137
0.9999859231230935
0.0004652273868797973
0.9997520213348006
0.9968889552655638
0.9999795590662096
0.9979891466766444
0.8262448340722441
0.9842188441602692
0.999907527287167
0.00024175443418013987
1.0
0.9999590999692097
0.9998045083318935
0.9800275323669732
0.0029324606333886796
0.9864212434947788
0.9987992645037246
0.9978619027807365
1.7929094613393173e-11
0.8416766247270613
0.9976333193538838
0.9989822800484787
0.9992893028060428
0.9995948913791978
0.9998959370049898
0.9995193090463019
0.11082882160404502
0.9996569956655837
0.025490083598764177
0.06895442641870152
0.9996164114011249
0.9998738575791557
0.9943461726557761
0.9999127689255348
0.009766308101225734
0.9680852376667736
0.9990059503339171
0.9992268572214915
0.9998082330536889
0.6840959058488307
0.9969348276533496
0.9873015559373725
0.05959344427927679
0.9883508998704683
0.9653853301285505
0.9933946170336243
0.08433673428476014
0.9998998001932867
1.536724752573164e-11
0.9941780767535919
0.9987483581680048
0.9996330796849016
0.9986963476899857
0.9952882230435998
0.9994537973708592
0.993521416640199
0.9872685915373511
4.006179615954435e-16
0.9978631747375637
0.9999541361242509
0.99949207179072
0.999044185231207
0.9996227531193389
0.9990164529375223
0.9992299015820559
0.9996582830357617
1.2620474007500853e-08
0.9998515255773001
0.9502121374582486
0.9999622630348394
0.9933916641696914
0.9989505271620872
0.9995660523606771
0.9917870042745388
0.9983190213381252
1.813419511526167e-09
0.9998631197907074
0.0025641531719757323
0.9994753392803847
0.9986250287781108
0.9809285123768103
0.9982707112523351
0.9996360296973593
0.994511214914676
0.998526832387455
0.39311506684864317
0.9990315755333371
0.995714258485542
0.9029205981391779
0.999962957396343
0.9996877745225246
0.9987836495694384
0.9999641762394824
0.9639584997553751
0.9982591369847846
0.998559574300186
0.9988645930560828
0.7358736755349057
0.9553141407867068
0.01767983429585997
0.999899076709609
0.9996575816611087
0.9120564891298603
0.832835940017163
0.9971010605406343
0.9967364039810314
0.9892920433481738
0.9995269819106608
0.997976723747052
0.9996461879652668
0.0006967536488416329
0.9968691390148512
0.0003647450583855577
0.045324613697069555
0.1814475603021641
0.7732019877641905
0.9977941471884325
0.9930419597051092
0.9996752323241888
0.9998525226526758
0.9000246463224816
0.9978279754966327
0.9992084660720155
0.9812001221888367
0.1269634985926661
0.9977686030572357
0.9999719532666691
0.6577862861133399
0.11881945489427666
0.9866409747897353
1.864858962728803e-09
0.9996169215438339
0.965464888575271
0.9995301658948342
0.9897230023405832
0.998738520519213
0.0901438411436852
0.9997194516751787
0.999023023475995
0.9974891153529473
0.9987133293863758
0.2611829557519217
0.9998899794710931
0.9994470573995681
0.9991380254510176
0.8221007625349492
0.011227911666462993
0.00036605355153245797
0.02037942220682964
0.9977564538789914
1.1470821175061547e-09
0.9972248459669116
0.9975165677648377
0.9995711994673234
0.9994847548292667
0.9986030026893307
0.9678093156969115
0.9872970963769654
0.9827985172348215
0.9985812781319785
0.9844009385315626
0.0902420321975632
0.9971138336954274
0.9933663396172187
0.9992107329300453
0.06684494450390338
0.9999999999999147
8.16898604042578e-10
0.9934104049909405
0.999580348136823
0.9999610076797545
0.9998415639854041
0.9941887015035231
0.9997653141063182
0.9999278695646587
0.9877786261242398
0.9977246463060481
0.99395158051965
0.994418027661527
0.9941504377075374
0.9977872174412012
0.06391249292206837
0.9885183631495321
0.9980309855592233
0.9972859615469932
0.9997693792110447
0.9979360571367116
0.9996689672525588
0.9970728787750482
0.9998550570626994
0.9942060585307462
0.9998055031573043
0.9999467253832293
4.417997272764204e-09
0.9933409404824731
0.9613537889390849
0.9825674404951262
0.9978946933208637
0.9665478646511425
0.999302982033741
0.9989560844303255
0.9965225763481438
2.041311040755023e-09
0.8996677871809691
0.798033070636982
0.9996184067540236
0.9957959412917695
0.0811427375362892
5.247899902472574e-10
0.9665363844113937
2.1004634529276675e-09
0.9995408224687257
0.3599959462050129
0.988666837857641
1.9385450582187596e-09
0.19689533376493934
0.9999807778260178
0.08590019879783962
0.9428203773384388
3.3901378238479933e-10
0.9160425665056687
0.9871582864839321
0.999988734857724
0.9997722061177999
2.9719281407532505e-10
0.9987643970562913
0.9999124045317026
0.9809888502039423
0.9997381601147045
0.9997519155276713
0.9999241144317589
0.996793782552006
0.7792766841443934
0.9997279139379979
0.9927450447076152
0.9942466753809305
0.4317269296620485
0.9974012284868509
0.9999959013222944
0.9996897240720959
0.9992743760003681
0.9976149452454303
0.9040972666992142
0.998300293581423
0.9980095344854324
0.9987292401373408
0.9999551172818084
0.9644919494773828
0.9999978746832444
0.99963029406244
0.9767645982103734
0.995803884108441
0.9966786103251777
0.9987406903139231
0.10140701884206269
0.9343450287456725
0.9999705285583296
0.9984745660772922
0.9917282162034069
0.6075363810699714
0.9997666579363483
0.9999923184238089
0.9996120377862864
0.999718923049812
0.9608238868821383
0.018377226721175054
0.9977516667609062
0.9945809582772986
0.9991876459944392
0.9989623622997776
0.9145501873524803
0.9936437020785684
0.024431527259609898
0.9844586581391027
0.9999987998756222
0.9966145123477598
0.9984303289133952
0.999825170339962
0.9902499234808925
0.9999240984485457
0.9975695165651636
0.9993288846820859
0.7868063671721777
0.9995835447992929
0.9970572931240546
0.9990389466320773
0.9842378232716316
0.263852888985842
0.9990456214090853
6.851131593893151e-120
0.9998486526296444
0.9992516476511002
0.9850769549352313
0.9997077425205831
8.457395897756708e-116
0.9995304741779856
0.9996052569156298
0.9659088906146358
0.686386005995504
0.9998288778153687
0.9999406984496609
1.214433217831591e-08
0.9996732237740531
0.9998917891998338
0.9997181563415394
0.9998302974208025
0.9474577862419384
0.999933717750645
0.2124853162048195
0.07042417097332467
3.5308493662633174e-10
0.6233140452309339
5.791558539877483e-116
0.19232820447674326
0.9850111120743306
0.9996411377785739
0.02521366528734076
0.9913331704691574
0.999940536894172
0.9636036819873577
0.9839902887967056
0.9999999725961576
4.3743976838226736e-12
0.18262129166990917
0.9997268639213096
0.9937797343562574
2.0339852266330184e-09
0.9579861692919008
0.9975387060847938
0.00017197601703281337
0.9996747245818681
0.9991063528591755
0.004237500261572442
0.9978888257731302
2.2517027231088888e-15
0.9993216125169764
0.9989921930299387
0.9600638705949339
0.8266172959459205
0.8393979497459728
0.9868827961253459
0.9997709027097395
0.21202353353377915
0.9999005612153932
0.9988202746835461
0.9995321159066276
0.9824470951386732
0.9978104081868259
0.9539217142654582
0.9992947910857466
0.03423418152192649
0.9972927510127102
8.40374602618377e-17
0.9556981729030765
0.9999545757968656
0.7673048046018398
0.9325838603213349
1.0
0.9976470398503806
0.999146533312903
0.9997311667872566
6.431568258954539e-17
0.9999087082629612
0.9983968197141162
0.996537356355896
0.4170102011816707
0.9850693342102523
0.9838584911358995
0.999857383040336
0.9932496848131085
0.5549192197367873
1.7379193319318762e-16
0.9999793999682125
0.9977990136080948
0.9974590483906003
0.9800258056816104
0.9997368401728326
0.998862743937732
4.492534885598676e-09
0.9970164746587874
0.9697017384690891
0.9993970224922272
0.9998742039799235
0.02750670336562101
0.9999999999997158
0.9992360063567021
0.9998248855134148
0.9983230242719167
0.9895820724216948
2.2130271249718555e-15
0.9991984926208327
4.3389501531167606e-13
0.999587005225239
1.0
0.9979835360953724
0.9822775018249533
0.0023665778320318053
0.9999610381490835
1.0
0.9998350171045628
0.9953284479763709
0.9989375998107275
0.032421074343245544
0.9999864831656057
1.329357065574806e-18
0.9999280533830608
0.999703802290428
0.9894441649039795
0.009423949710883412
0.9977272618838707
0.9999752504322178
2.0517464555457347e-12
0.9830776818691613
0.9987192713718067
0.9999999999999432
0.9999240398285318
0.9949949443422527
0.9998788960730755
0.9997990470104036
0.0071684618410918334
0.9956850834248091
0.9981464185288594
0.9997345816064672
0.6663407279096414
0.9505143803825254
0.9991472471280216
0.9996066558569285
0.9983228042855717
1.0562871913531496e-12
0.9971388730030508
0.9995455162102592
0.9999982106281871
0.7657344168594088
0.09291404459239762
0.9972641776100181
0.994912412879199
0.9994493737301903
0.9871729016043054
0.9979629509156337
0.9971455848053549
0.9987035050433996
0.7914689837560787
3.979244615890492e-13
2.2956203038008704e-10
0.9941845819506465
0.99841317047037
0.09376519446222545
0.5343412361990898
0.9990130260870126
0.9984643888735677
0.9981602739232327
0.9999999999999716
0.9986050461034384
0.9870224017371495
9.319022444921523e-09
0.922248181451964
0.8349369251094751
0.9996138545863597
0.957172422304415
0.9999931964413894
0.9027966183402792
0.9226570108019432
0.9997973846067094
0.997089757150503
0.999998926222852
0.9960294074293287
0.7247263258359814
0.9667530603927124
0.9969940200525748
5.623222019104102e-115
0.9987518191564267
3.2345263932820365e-15
0.9996825077200951
0.9973697345937543
0.9995373724278644
0.9984585723367687
0.9998330692548676
0.9996213745312191
4.350089673827966e-06
0.9793256885273066
0.9968535741919871
0.6626719450904546
0.9999263395907109
0.9987022989739459
0.9993086184944802
0.9977959213272576
2.942923579408488e-18
5.97424454734775e-117
0.999805477248084
0.9987558426918729
0.7538735669626011
0.9988234872132413
0.36378612229948015
0.9996182581598183
0.998398302796443
0.9921291476411782
0.9713296023936504
0.9989337186513447
0.999043440408165
0.9999682858489044
2.107480619841447e-09
0.9098478577405273
0.9999141027201577
0.9999999982835277
0.9997381966905732
0.9933907246266558
0.9999365524757279
6.176999745705172e-18
0.9997511128995341
0.9996379634642516
0.9835237019523806
0.44712776567816326
0.9941898190932681
0.7195317557149556
0.9989229786884364
0.018348321450732973
0.9929325709980888
0.9996318709268046
0.9993601044375368
0.9994391373790597
5.751932815894192e-08
0.01837581587844614
0.9995342100958297
0.9990011739633858
0.9985253278633253
0.9992791775650453
0.981839730295244
0.9999668547102767
0.9999445906562825
0.02719472756915627
0.9995356384511873
0.9984445490404147
0.9999560371926155
1.8023468772615212e-11
0.7772870387983247
0.9995375629447535
0.9790575418090212
0.1657844097589921
0.9909482871917675
0.9999595346935435
0.9995637329899593
3.888187328362999e-15
0.9999690755649373
0.9363219224864177
0.9916068428763142
0.8406176425875805
0.9260610461326007
0.9613369390083502
0.9986971548505795
0.9987355257929562
0.9978658566970906
0.9990723226529105
0.9936185308745369
0.9999536921349708
0.9989170261675596
1.4128964960363324e-08
0.9990189725778745
2.5171281815060777e-09
0.9999340923977373
0.1694929296311557
0.9995801243981083
0.9997640111308252
0.9990331449709656
0.9989309471438341
0.9999988375537832
0.9998246575871781
0.0903273721354365
0.9981392666554203
0.8318978034444625
0.02832861804105055
0.2272448719594239
0.9994231884429786
0.9994151631108851
0.06818457320304243
0.9994729218764443
0.9942813939454891
1.0
0.9228747491461488
0.9968909035090189
0.9999756451583187
0.9980801573449699
0.9980073127266574
0.9995997585245233
0.9983990440503573
7.200508810008665e-115
0.9991173846885125
0.9779529657120242
0.9983777143253069
1.0
0.9996197880481097
3.709050323973623e-08
0.9849822505903132
4.0090466022466144e-10
0.9979116672798006
2.416598718065613e-07
0.9975868968926858
0.9987883872109652
6.203902169026672e-116
0.9840120249101364
0.9988957478420163
0.9999818031922206
0.9994452098634196
0.9995996753339553
0.9982385987873711
0.993748775900997
0.9999931326469397
0.999452693611354
1.0
0.14101031726452445
1.0
0.9834154980786726
0.9995094876818391
0.7728041310142558
1.7909308258536144e-09
1.0
0.998888743464944
0.9979825138932509
0.9987856119753697
0.9996316496165147
0.9988383200660526
6.601222725331404e-115
0.9930549003181329
0.9977206573651919
0.9989315812177769
0.999854728572692
0.9972464155000208
0.9999269356544197
0.9999976443824214
0.9606138106101096
0.9937540994035461
0.9997417912815546
0.23153055859393729
0.996484810035654
0.9932499550617997
0.9972002897407154
0.9912580931747987
0.9727094903786284
0.9713257008571892
0.9987666081499612
0.99928040193244
0.9854732118614895
0.9962294749693458
0.9999398866527806
2.3459678745414814e-09
0.9854718305636828
0.9999505694070159
0.9785210774288217
0.04852232485562768
0.9600742652858005
0.06018136574120176
0.998225027760858
0.9862207611984299
0.9967274079156921
0.9999267368387594
0.9226601163120826
0.9994379850782397
0.9969934423685128
0.9919889947284042
0.9999587853571862
0.9995349215519471
0.9988565549967992
5.6803731084470297e-14
0.999290650250342
0.9952624217261933
0.32862602001530605
0.07244958500207622
0.9996428188749108
1.9489527273184891e-115
0.9990821235387884
0.0015475993809246037
0.986057220363442
5.297201765659682e-17
0.9999940941544765
0.9985275687612096
0.0811849251533609
0.9996714949418707
0.9997344853676354
0.9774094922351548
0.9999396312153798
0.9688606085553798
0.9777947261574602
0.9994964235589013
4.070945832156873e-10
0.99867537036826
0.009776846029378304
0.9997042105546682
0.09214247208531334
0.9992128549152652
1.0
0.9966843051260935
1.8949176145983802e-08
0.9977369343085343
0.9984093641749314
0.9971006428038917
1.6834370738774305e-09
0.9998431071520995
0.9988832863516509
0.6520193184102147
0.9981407433902951
2.125037961203655e-09
0.9971837685373782
0.9999995415405948
0.9973712372222072
0.9987942985085254
0.999667304859136
0.9916818972222801
0.9997194474526703
0.993640226536562
0.9998324035045367
1.0
2.3002171727745574e-15
0.9987299162459302
0.9971086661279278
0.9989704110470551
0.003115336606569808
0.9895127894951202
9.012543044886059e-09
1.5313758703392052e-10
0.995893477913588
0.9999930282105278
2.6053933896592998e-16
0.9921015529832111
0.062383554622360914
0.9987961009089965
0.998522090469513
0.9999882063168836
0.9970880124881923
0.9993954336981687
0.999986512170478
0.9998541078576184
0.9571476011702725
0.9999729987960415
0.999576966981489
3.764302594973773e-06
0.9623783449462683
0.9999861894005572
0.997146754259131
0.9879171546147354
0.9946465396406345
0.9976861201075521
0.06174828202112057
0.9997241482767858
0.9971154330572719
0.9987284910963706
0.9999835589511396
0.9988368538021476
0.01579005594227235
0.9887927463460569
1.0
0.9990663600941994
0.9732093446326874
5.267134463732372e-08
0.9999999985650163
0.001464110492630967
0.9995581840560104
0.9997805517263445
0.9999999999976978
0.9999983850307184
9.046953144479807e-10
0.7898196581827648
0.9585962588868788
0.9961734696995271
0.9999905817920047
0.9930752378471867
0.9990515733792522
0.9999996366858375
0.9965120598572158
0.9999459840012452
0.9962574942494777
9.711585766911318e-09
0.9976620380657674
0.9999396824933766
7.485870516808337e-15
0.9975355642583429
0.9973467746784375
0.989426940895317
0.9999473382979525
0.9999677007938955
0.9993897310780889
0.7384987799906563
0.07191122762391712
0.9987698434395925
0.35312818877865443
0.04852232485562768
0.9999880770049824
0.1866278540421523
0.9974319991853274
4.300482082345202e-116
0.97772567604557
0.9971770146737018
0.9990035461169056
0.9980479636828745
1.0
0.999898877528878
0.997696594096249
0.9656540193080702
0.8390343473468796
1.0
0.0003890131538286465
0.9647962484965082
0.9972727927603275
0.9972610935913229
0.996316041901213
0.99054588010425
0.9850941261661795
0.997998403095906
0.8999374462354892
0.9999370254416798
0.9529073372397135
0.9999964882070447
0.9999159726778313
0.05930993442415138
0.8039080417805141
0.9999772799680847
0.9990247463338086
0.9977544645845867
0.9999979685143956
0.9999074159650567
0.9999999994162749
0.9997429572451652
0.9997543365284361
2.2572144009348147e-09
0.999802968870303
0.9999998872328099
3.257963921150993e-14
0.9983354885761319
0.9996785688162834
0.9987561238542646
0.9995843835248096
0.9976209292464676
1.0
0.3809447004943544
0.984375443187196
0.00852015972568774
0.9883741566594535
0.9516185956895444
0.9923824156339853
0.033874004202053436
0.9999896984282284
4.117366043545308e-09
0.9997261193001374
0.9999687556434942
0.9983379921471163
0.00041280478457608044
0.993439913645466
0.9079161479399684
0.999994676188283
0.9931575532471171
0.9999568612831269
0.9999850977307821
0.774210752999371
0.9850155901308181
0.9703184858481884
0.9999669311346041
0.9974997499951678
0.9835825504048485
0.9999486213415837
1.699477577031241e-07
0.02499076937825303
0.9958258541299231
0.9955992208631649
0.982181695224793
0.9996887046881578
0.2156895966583041
0.0003560929416013382
0.9976884570674536
0.9999980134502501
0.0674332779883913
0.9975051069998193
2.925318892263556e-15
0.9995430588187473
0.998696822073241
0.9996383623850412
0.9999337753612708
1.0
0.9810026081918078
0.988512602820921
0.9995662964401724
0.9998149045782504
0.999990175784459
2.1591334227782343e-114
0.9994490455269145
0.9999997238801751
0.9277168687861704
0.9987033379425895
0.9983443929721849
0.9795733222988658
0.9985261683423988
1.579426138667909e-116
0.9991532479908491
0.000516062527702287
0.999231938359152
0.9792846550516996
0.9240807822065494
0.9999439170926974
0.9988177698796744
0.9979653083907202
0.9972393713047903
0.9997646623707794
0.9998857369074595
0.9994428806390786
0.9970618190523755
0.9995977285499021
0.9992264504058443
0.9985725180487388
0.9923582478345708
0.9999990158626713
0.9971377893657856
0.9997358191368685
0.9996343808761046
0.9990027742715861
0.3095140041071982
0.21353833948403217
0.9999538546657564
2.664225182985117e-115
0.9981665378936851
0.6732879761856784
0.9989304153525097
0.9921257160337135
0.9977870289878813
0.1785176586099174
0.9859648528338847
8.390724762393258e-17
0.9948989259866948
0.9996576187869834
0.9997727330920854
0.9845694478851716
0.9875715221955658
0.9896812898583642
4.507546307112448e-06
0.19703435962542934
0.9924973124709748
0.9998454599189892
0.3209974329696484
0.9966609412507756
0.9924748674609213
0.010970205275267975
0.9978511053680299
0.012058855723747994
0.9993152718775005
0.9994726914617088
0.9992892660625836
0.15370524308204203
0.999628282536492
0.9989879122195846
0.9993572928537442
2.812005242259001e-25
0.9884641599282041
0.993620977225448
0.9992410602026284
0.9979152095041951
0.47749755590703735
0.9841086245045846
0.9972561050671154
0.025018586333442987
0.9991088776963998
0.999246033791234
0.2012992282577075
0.99827366799329
0.034558275912129545
0.9979526996765822
0.8879001491136509
0.026240356284128314
0.999361031153986
0.9995399420563111
0.9998365026384818
0.07036466451728879
3.536805876725212e-17
0.9999968336122543
0.9999258059442444
0.9988907717604635
0.9999247384138963
0.9999550837572926
1.4508463244009287e-20
0.9969756880143359
0.7671744836213809
0.9859530950957134
0.9941999382647174
0.7873293750546396
0.9989592355488893
0.998704992456091
0.9999493575256083
0.9880410229961774
1.8143098513361874e-14
0.9967223790277032
0.9961692624188435
0.9928724087173785
0.36596422215715374
0.9996980050224369
0.9941702157149207
0.06994541336431807
0.9999965264908398
0.9985507216854895
1.0
1.0
0.9968189380892782
0.7052442587746973
0.9997472190539898
0.9979139704902461
1.0
1.0
0.9924168063088427
0.9970343079623928
0.9997228587650222
0.9657661560892807
0.9929863914784985
0.99752002559973
0.9991404466594522
0.9822595534645181
0.9984966572298987
0.9985316048251219
0.9985806979847259
0.9977601245352942
0.9936691151254621
0.9999713743581763
0.999124142882723
0.9854605439855366
0.999736526588183
0.9991194938068514
0.9996318659670818
0.9696861400302986
0.9998797776295193
0.9994655206187045
0.9768786965034254
0.10789536458420076
0.992126948460149
0.9998520649819203
0.08724912013775354
0.9998835301311029
0.9999999988523598
0.9996696657036167
0.9992704670816625
0.9966284864033375
0.9994683007155127
0.9843828823545903
0.9984522332102006
0.9974730168087093
0.9994652801503098
0.6640758243334106
0.999989087642515
0.9997764790100898
6.189157111576977e-15
0.999966696203179
0.9999844181626633
0.9985725984725146
0.9988589426267294
0.9997272220571477
0.9875955408032135
0.9970578518344214
0.9975308244920424
0.9993020721499252
0.999504628466461
0.993605115090933
0.9937480271705886
0.9985955839291536
0.9999992496406351
0.9983228025322547
0.9997625554971302
0.9998496069208141
2.9978543190943486e-15
2.318085627381963e-08
0.3677790184036808
0.9970778373498713
0.999962060763823
0.9996822260615725
0.9990830589017707
0.03925541602107817
0.9982751209379893
0.9934804154877928
0.9980912321493485
1.0
0.8830231111387311
0.9999894675032572
0.9999980703871217
0.9999580200491739
0.021180028790404294
0.9990650690675398
1.0
0.9999274354910038
0.9911573976804527
0.9913931756138242
1.3717406915481217e-09
0.9931152877780878
0.9991346752606101
0.999955344494733
0.9998698012321564
0.9982833960639458
0.9929960499545014
0.9987746237721792
0.9980287178946321
0.9966799962355836
0.9995838547403739
0.07215704913187622
0.9992276840109762
0.16302259473075523
1.0
0.9998283123130784
0.9278651591334764
2.4112462532878733e-08
0.14478763106920103
0.9970713719740089
0.9989580380334261
0.9945001609160828
0.7867234490781518
1.0
0.9979818589421735
0.9976871777647571
0.9996384666636642
0.9945419369830707
0.9987997072836257
1.8109120898521074e-110
0.99960845734244
0.998905353379525
0.9983820474509962
0.9994848148498182
0.9975308394243121
0.9898890480120212
0.9971506456911625
0.9918377569907608
0.6467603290315153
0.9900514190057298
0.9999901661789251
0.9967007031012262
0.998286228688396
0.013976085812151293
0.9999000636017246
0.9995989415894565
0.9979177539806086
0.9990682771730265
0.712479410995579
0.9997788095009187
0.9969637210683157
0.585080874710761
0.9973832842040862
0.976465732552915
0.7670682472079118
0.9985131059131706
0.9997562215739885
0.9973674620528299
0.9999424280371182
0.9993797743928261
0.9986999868248934
0.9986890133424898
0.9888841856086108
0.9988485500453571
0.011515580999732477
0.3937340251410462
0.9938734812985498
0.9999980409749445
0.9972203230120581
0.9849421168568708
0.06261915927569685
0.9727468351683657
0.9997134775835013
0.9995033668760231
0.030660001887826884
4.469394529787593e-12
0.9999658814300892
0.9982313335949022
0.9994302230070684
0.9667896867277251
0.9986244023584129
0.9669759889779025
0.998920820075479
0.9986969930431263
0.9991711675326184
0.9894737539678352
0.8335708825441547
0.9987088522229175
0.9997172366282607
0.9998995495892887
0.9874486876224541
0.995061414233629
0.021940798957295702
0.9999307489720146
1.0
0.9979684776803179
0.9990853210804054
0.9987892810774922
0.9992120531526495
0.8499605676280819
0.9972603744760379
3.644612696262231e-100
0.5565715567230384
0.9028646467706718
0.9233927208263756
0.08603697155705237
0.9638632262462798
0.999996126808239
0.9992369211952111
0.9994660232861823
3.919370976738978e-11
0.9799748415514657
0.9963347409706957
0.3475424461864785
0.9941776638129679
0.9991464363899035
0.26128921857022736
0.9995262820639402
0.9997790778982343
0.9987961492166466
0.9987425794912693
0.9931989418618092
3.0886591698577404e-117
0.9975128270663319
0.998430871286155
0.9458110407236634
0.9812235417251478
0.9998319189906941
0.9995291609143796
4.6091319980614614e-11
0.9989000289692094
0.996559340526591
0.014428942121603781
1.0
0.8191560897794595
0.9975496467208927
0.9921098801485497
0.9834727899545047
4.397484688377023e-08
0.9720848475044821
0.9996351174492537
0.9995857298566958
0.9966083490728682
0.9999367762262708
0.998634646800978
0.8802581758450082
0.7443399214220511
0.9934619398509285
0.9979279488564305
0.9992617643234032
0.9999999157542767
0.9997722943368795
0.8426346897525513
0.9999727596286136
0.9998235774835824
0.9999177505945068
1.0
0.9964329221055254
0.9950397756772021
0.9999999999928946
0.9998456997190033
0.9740473546379397
0.9450111424840727
0.00045750726771528935
0.9997864126738941
0.9989606616732374
0.59014775966072
0.9347595291495628
0.9999693050911077
0.9983307354250627
0.918437488850841
0.9973778172227483
0.05939963173949439
2.8095631093874494e-14
0.9999618071270588
0.7646892551042904
0.08573575254239815
0.9999487992183402
0.9825430284017843
0.9992637509714334
0.9615659427144462
0.9998910311237692
0.027411653986980138
0.0053302650112267225
0.997191336517752
0.999931202063163
1.8737863836210124e-116
0.9942710165571028
0.9979049925426896
1.3120550212900876e-17
0.06266545394027609
0.842145286954706
0.7732003627944561
0.9966675956318438
0.9925654178403169
0.7224420987414905
0.9989901868155706
1.2789255991803551e-05
0.12302201591449809
0.9999129648199897
0.9985446237685668
0.9965758890549662
0.990587847952599
0.9795088710825446
0.9998059357358207
0.99466427566875
0.999391286783051
0.11644244277061991
0.9999999996308304
0.9913954237525634
1.0
0.18717779484233538
0.9991703738259524
0.9999805138532172
0.9989908025133865
5.669257927575324e-10
0.9970529062553051
0.9995870292499611
0.9996154900766031
0.9979685533857141
0.9447652305306935
0.7889336837535453
0.9995303163828556
0.027762959026749436
0.998328946590894
0.9989050069801109
0.047791850765626157
0.9972772064787913
1.0
0.9996238348409676
0.9349855444261024
0.9998410907319534
0.9999030266417793
0.38248987095988773
0.9937913731617279
0.15656223835732022
0.9968713189910992
0.999679294334318
0.9924670048966574
0.9996186415010585
0.6494675396707714
0.9985515595444754
1.6170387776263232e-15
3.400462011576592e-12
0.9996517737035383
0.9993898346161217
0.9941033759921387
0.9997368556785632
0.7911158751432917
0.9970630983334026
1.0795364573452006e-07
0.9978730446180147
0.9990199794372852
0.9999487911830534
0.9999918852690663
0.9999370627081811
0.9996230086547817
0.9830500544991505
0.9923186184187318
0.9985159221503518
0.9987863913644072
0.9990116824599872
0.9997469340456612
0.9999860097582398
0.9972500147611436
4.2527367229649625e-15
0.99999992106294
0.9984993603817821
0.9997617239341298
0.9999972955475491
0.9602924238585914
0.997874832284853
0.9999999963151538
0.9996148462494198
0.09864952823776414
2.3014700958282994e-16
0.958670801353568
0.08096241405245894
0.9989052481924796
0.059997163498173064
0.9920679179577454
0.17379573015400768
0.9987361234252256
0.9982873392581574
0.07946070518009585
0.9999834019180763
0.9992538774062111
0.996396784984753
0.9998462163567428
0.9999999999310489
0.9999999999512283
0.9997080413102908
0.9997888562047597
0.9980069588018515
0.04625740195211982
0.9993127956723028
0.9999999999999147
0.999866309702351
0.9999124629129097
0.9999946214496425
0.5395136999051072
0.9998841522274177
0.9971110609007309
0.9981760166586531
0.9990486824162983
0.9973690598216726
0.9999352630332178
0.8609960334223733
0.9850888129948403
0.9996318488030523
0.13433158408595738
0.9996929830100484
0.9878482854437756
0.9942947099120467
0.8829284326116347
0.9993905931096247
0.9999566592096739
0.9999682241124029
0.8262982993801518
0.9988716767596817
0.9999227558003585
0.9996827471732042
0.9996344799535631
0.9995873766091762
0.944153514541756
0.9989369952738907
0.999870375873307
6.78563493597333e-08
0.7874687061671468
0.9999293349832358
4.5109354496516424e-17
0.9998276147351374
0.7175202179165221
1.0
6.506651491196777e-17
0.9955648091930864
0.9656686735185323
0.7975642691691487
0.9134001336342066
9.793386251000042e-13
0.999622582152458
0.9987935654535665
0.9968230459262183
0.9990501504180244
0.9998376866832666
0.8387574626876543
7.350183851816117e-11
0.9990907319498196
0.997876175095018
0.9512517625893041
0.9995794016268248
0.9972467643344304
0.5909118821974306
0.9941871046655435
0.9999999999986358
9.077721979347188e-13
0.9922066637836502
0.99964069226361
0.9992529219480731
0.998905970128997
0.99791101198257
0.9896217112715595
0.9912440186186732
0.9999999999999716
0.9995452410467413
0.9639788481717453
0.9971522578758863
5.4700428777357786e-15
0.9975045831577118
0.9977838406459143
0.9998380927470867
0.017574955783063822
0.9998441687844181
0.9946078739084052
0.9961635107423347
0.9999444471468052
0.8850467925892903
0.9939901746804882
0.9998199133985659
0.9984330075625881
0.8417560693174064
0.9998781818865762
0.9989495100559262
0.7792229347595904
0.998097090913677
0.9999879555151129
0.9999863713364792
0.9522450151107258
0.9641493993568879
0.9999970900630605
0.09467719228215299
0.9984747992657164
0.9978080073598687
0.9933610284899621
0.6473837421411804
0.9995366704070356
2.1348647059548936e-08
0.9989205466259348
3.7671423793708623e-13
0.9996158803567428
0.998470305765783
0.9992674564235334
0.9996048287087796
0.9988227581660324
0.826622701397366
0.6916495144826325
0.9995023293651997
0.999997268498966
0.9991127121509036
0.9987310764819896
0.996257970561622
0.9989410436739196
0.289657935010653
0.9961366928515895
0.9969189487935459
0.9995259331506338
0.9994652329244282
0.9998857568079423
0.9999993816496648
4.288848656521853e-116
0.2007701162785134
0.9989020019474562
0.9999020435318844
6.579074290068918e-17
0.7739202168082907
0.9303071445286191
0.9956020339652977
0.9999452028984132
3.4102143936026453e-12
9.153575727115496e-09
0.9917228636570812
0.8377270542629472
0.9981996159359492
0.9583294628878949
0.08579463319578731
0.03390553221460127
1.074234637021505e-10
0.9492006161254053
0.9918289791527792
0.8889143874774307
0.9991416222684955
2.5185349557735365e-09
0.9992243961693122
0.9996728388689737
0.9865548109560512
1.1399103575952265e-09
3.267216866431695e-08
0.9992364110256492
0.9995491500438012
0.9964563689837971
0.9996276397048344
0.9965955037655767
0.07243281691420876
0.9999805270822277
0.9999951835008323
0.9999997857480255
0.07142707145909721
0.17870494354808342
0.2932338453745554
0.9996064379064528
0.9975687620185829
0.9998706676007764
0.9999488904117214
0.9998505408565859
0.9873103288224486
0.9979613498464419
0.9915565039844189
0.9973096981038948
0.9970476909766309
0.9979588457470512
0.9999698480148743
0.9905236183444164
0.9996469761901087
0.01549908334404729
0.9884640998099143
0.9924237831715754
0.9999964424688883
0.9989777059132628
0.08113835491081674
0.9770211992566257
0.9999514948138827
0.9997148679504358
0.9981375594160466
0.9990549019493582
0.9932884015939183
0.9962820344788306
1.1461835326098954e-16
0.9966865842258605
0.9979593407944797
0.9984416114078342
0.9999995133541736
0.9978381646025958
1.0133014651437699e-14
0.9956989483406105
1.0
0.04574456033862792
0.998948087712281
0.9966826731694051
0.999736480814181
0.9970529109414381
0.015269180718712748
0.9989058431024085
0.9997656032133584
0.99943347068636
0.9970833703079399
0.9999999999998295
0.9998982270093587
0.9999194688164218
0.9987835761001481
0.9999287287260591
1.3908513554818743e-07
0.9989765146177187
0.9999268231039553
0.999875771265573
0.9973261744468181
0.9999613528344021
0.9992668627070953
0.9973307039435828
0.9999453493426926
0.06251539120595209
0.9561886793515951
0.997591963332644
0.994722563419411
0.9990269231696818
0.9856888789730691
0.9991931821284425
0.9902388730466761
0.9981103324503394
0.997168542882591
9.047679716805058e-13
0.999832677880589
0.9922403034238633
0.9970994316312595
0.02342058436094217
1.4723837619419333e-09
0.998351293291404
0.9994717739431476
0.9978672515580034
0.9987921571466516
3.9690865729719056e-10
0.9990317039992868
0.6208604782359767
0.9957141962526176
0.021915627443266923
0.9653209367298545
0.9217069611652284
0.14771172014370326
0.9988394271929415
0.9982989197800632
0.9984696428163717
0.022520294748056273
0.9989462239660677
0.9999999999998295
0.9927102399419944
0.6688700445286413
0.24900524186966422
0.9881577844898922
1.798566317793296e-07
0.9996875689840089
0.9999726590942498
1.2272037662962634e-11
0.984485834856566
0.9984482400417739
0.9933780747814285
0.9935654943126215
0.996927669001734
0.1472109006854378
0.002350429146084801
6.098276256862785e-10
0.997923132540655
0.9999918610637721
0.9943093936403756
1.0424552312508864e-13
0.9999984310621046
0.9999139776394071
0.9850516406919277
0.9027510365464378
0.9992412863265208
0.9864884873457695
0.9847641832388306
0.9984255375343518
0.9998296999521126
0.9945851106096111
0.945324911946716
0.9989123880546439
0.9996956883451626
0.9982697376467081
0.9998122587206715
0.9666961687145943
0.9975384078650862
0.03298585152735758
0.9998937706654119
0.9994836062697534
0.9999988622743607
0.9996110262953471
0.9883606317940646
0.9998795638213073
0.9977910726240076
0.9980216134150398
0.9974804899099691
0.9984511641523363
1.6528058645152567e-16
0.9997494540520668
0.9998621931939028
0.9997070482252011
0.9996192795144376
0.9998322211640079
0.9939546492442145
0.9966047980323238
0.8901587868082287
0.9985303767025748
0.19831569788943879
0.9999937838093098
0.04850367695152018
0.9999299383709569
0.9985561572417051
0.997360640636901
0.9979443294747717
0.9995513350825805
0.9217284184009548
0.9989558080655156
0.9978462779117697
0.9997439722981455
0.9980313161508512
0.8788769868975281
0.9971159161114042
0.23472969100262142
0.9948240026357197
0.9999352376915047
0.9851554946431913
0.9993775529301697
5.218769113400777e-13
0.9981891006977439
0.9985436310709319
3.556797552175768e-114
0.9993787323290799
0.9939853623367749
0.997117535422611
0.9111759275147162
0.0016159768539471798
0.9978243908710345
0.9979068826375783
0.9992194207320464
0.9346085123528735
0.9989494285606654
7.032558357301427e-15
0.9989443303026754
0.9989742589552921
0.9990204656758482
0.9999518775932101
0.9995154784758312
0.9665010490062056
0.9968591791033765
0.9985866041054391
0.9990456550643348
0.998510279163842
0.05926219432404849
0.9987695118936638
0.0014458963415240316
0.9996594069817627
0.9230473220071262
0.0038467204337501075
0.030149542460730514
0.9597205953930683
0.999484017520864
0.9920772208876393
0.9972700933214216
0.997804765055997
0.9934864611234544
0.9996935907601708
0.8010524826581037
0.9999452866018178
0.06839872359924251
0.9849254533641996
0.040429823696773205
0.9699438847236985
0.018357551621964528
0.9999008349078903
0.9989347579146822
0.994080330174623
0.9888153791176654
0.990409786409982
0.9994093357076267
0.9999521654548782
0.9989991045272657
0.9990960544279918
0.994169260144977
0.9963242599949352
0.9988447001786408
0.996788945249524
1.0
0.9995859148199652
0.9993533213305061
0.26615254514851877
0.9996093401566357
0.9991794285434955
0.08378525371390412
6.695771771530975e-11
0.08248855291787584
0.8272445569864788
0.9996909885691404
6.777601914879324e-17
0.9972638966676614
0.9693312879984586
1.0
0.07258890083155674
1.5310299060259547e-09
0.668954746029583
1.0
0.056747095188854214
0.9999061353546754
0.9996276451498837
0.999960728662161
8.053379881366803e-17
0.9997575528279574
0.9991582128385283
0.031205804419497288
0.9917154216022662
0.9998202310101442
0.9994185546946949
0.9978287523470603
0.0031192566379645154
0.9991961557229925
0.9998488226479127
0.9958955712349072
0.997566628981894
0.9996495855997045
0.9974641352272304
0.902886546464952
0.9979609092250262
0.9977816213988159
0.999999999163748
0.9986665197296817
0.9873133454167189
0.9998123067916003
0.35153715983415157
0.999856326189262
0.9991639784364293
0.9996173114675503
0.999985800843828
0.9979966931030563
0.9991541455498559
1.725273723696608e-51
3.260217013133635e-20
0.9998657755584679
0.9962011450812437
0.9985567190035112
0.9937621454029407
0.9865448168462493
0.9199349903365874
0.984746716854838
0.0030248115506547736
0.9871635121388707
0.9909870176407564
0.9999999999802753
0.9994800690659708
0.98277086620389
0.9922361788377981
0.00044242726813462167
0.9980821075271644
0.9991077849115242
0.9999655665913799
0.9991926679610262
0.9999623922605563
0.2615616855699937
0.9999650293754533
0.9983499319903569
0.9995184574049942
0.9379045328955452
0.9999529769931546
0.9990279525548048
0.9991583070253223
0.9873301109569487
1.0
0.998582391346041
0.00039581578694895
0.9983965885684845
2.9689387435765607e-09
0.9999377502550456
0.9934538652152459
0.9999136709149361
0.11083921013789816
0.9999336434191055
0.9999805334605463
0.9996205403159232
1.4708366101082426e-08
0.9989279934180799
0.9996141126751307
0.9996934727639974
0.9842680794874594
0.9999481209320297
0.9989908146422627
0.9999764382620683
0.9942768546319908
0.9994654498010858
0.06337718033796588
0.9978184923297444
0.986753484150012
0.9531954419741707
0.9990798691472372
0.9993872570934655
0.024494772596017657
0.9974828716587465
0.9975180769061995
0.8605763261770317
0.9971280897034661
0.3535281782131674
0.9962723287896774
0.9973112438573811
0.999898887874755
7.0299100665943e-09
0.9937907890714338
0.9999438969966066
0.9915459725228825
0.9987627230100684
0.9980550847572152
0.9996824255777739
0.9997110593242775
0.005001611073474201
0.03209678688431628
0.010719833431979875
0.3632988049746126
0.9998127938556018
0.9992316113914461
0.9996118814920294
0.9992345414425883
0.9862530216476706
0.9978743527756169
0.7263204375732483
0.9999631291257596
0.3618557112318455
0.15168820138035713
0.9999347981819116
0.992126075751146
1.0
0.9858632648027768
0.9993998532041412
0.9977015807457909
0.9990900919144067
0.9643961146925631
0.9998007351327578
0.9989693035823677
0.9998039343047921
0.9999451632195051
0.9996970677199853
0.7913940643817279
0.9999885255603901
0.9983422013591421
0.6314548992860716
0.9977590252620183
0.999830786365077
0.9964936668913079
0.9999078792100329
0.994225415448726
0.9857131585014677
0.999821915169391
9.608951211092737e-15
0.9990119462146877
0.9993540837015591
0.9999997439870797
0.9998014627188043
0.9999980468711587
0.9999999999999432
0.9990347805786368
0.9512799700180478
0.9999165831744589
0.9999778469478892
0.9887733009095083
0.9993599210322879
0.9993626787710794
0.9971819824950008
0.9999999642247424
0.8368456541201228
0.993950525657028
0.9999451661344463
0.9976510551393326
0.9973502634770999
0.9970547560108799
0.9979643183881854
1.0
0.17091378289042458
0.9881618334179314
0.9998749923891891
0.9999678280135512
1.2986353700048737e-18
0.9990569414678273
0.9979919664539946
0.44402698328148255
0.503285439334234
1.952727520179508e-05
0.9995498465050204
0.9911422331335175
9.226532918804557e-12
0.9770802706429982
0.7877506024259232
0.9573593002864085
0.9826303374529378
0.9999999983862438
0.9923754305824055
0.05632106968314283
0.6606536257026402
6.954182196217903e-16
0.9992285155259598
0.9998335984915687
0.9982285113996844
0.99999155472971
0.9924553253698055
0.9999591762845486
0.9965738793657016
0.998588839599758
0.9961564368696814
0.9994682954786996
0.9991453146247067
0.9999847654404744
0.7667869034523649
0.9967626576287852
1.0
0.15248560323880433
0.9870558168690258
0.9989025852920783
0.9999952933365454
0.899905729791756
0.9499655746666771
0.9983611946975789
0.9990761233892717
0.01879104797744779
0.9828543925461161
0.9998038423319341
0.9993871339697198
0.9994534642028049
0.29319173819779176
0.4229409583920268
0.06461353457616087
9.592894246934539e-08
2.941482802436367e-115
0.9999332866369044
0.9970958627034697
0.9976882896708166
0.9996848159005068
0.9997206047241078
0.9998808760257167
0.9864293292416629
0.9987978257368331
0.999487539717178
0.99969020777912
0.9999359943349596
0.9977162937022314
0.9999163710580515
0.9994268966032442
0.9995022455578305
0.9993518027820898
0.9997457949457794
0.9843573941950334
0.9925042943027429
4.955778630833233e-10
0.9997809729385556
0.005348170184353352
0.9822257509043569
0.9988139491169339
0.9978759828244768
0.9726491652045236
0.9987429705266379
0.9970568661213629
0.01759921907825446
0.9990741392284452
0.999986356577571
0.9995328635246488
1.0
0.9910889362937277
0.998178145737638
0.9704200576244927
0.07512995327224414
0.9973694351732709
0.953632764945965
0.997292350756282
0.9999961463945581
0.999912122451007
0.9971324837091952
0.9998769117873664
0.999815719718906
0.9999997334520927
0.9976847680505064
0.9995587656824926
0.9546598105091463
5.035566470293845e-07
1.021223573061438e-10
0.999010725663008
0.9989089766719937
8.384032443721666e-17
0.9674602808449748
0.9995723044799931
2.7892010399590775e-16
0.9995892887893599
0.8027595678754892
1.0923511454092434e-06
0.9672328448105747
0.9825735853576808
0.999611990505087
0.9968287151629603
0.9999524284323039
0.9986446687837967
0.9997150252014846
0.9986588290678073
0.026875332179708826
0.9999991606157833
0.9998066340337353
0.9992886115504455
0.9981072707967347
0.07964172246220856
0.9998396374640647
0.9990154213930369
0.9973842540073253
0.9979283601647451
0.9753001497547109
0.9996181480448724
0.9987250362861291
9.321037892251913e-05
0.9999354367597458
0.9999522276816056
0.9998649826629223
0.99797539805766
0.9998485370207304
0.9689858513746747
1.8371724954284854e-09
0.996368068833709
0.9989969873492524
0.9625973545178783
0.9999892065426502
0.9877441778674043
0.3516491886089913
0.9992168069555647
0.9975044678852395
0.9994756449904679
0.08874055389553341
0.9989455097638381
0.9990405951086919
0.903690687548379
0.9994184256672237
0.8289611944935958
0.7738451085115206
0.9760566460082024
0.999257141259186
0.99491991461662
0.9994454895416249
0.9991668787160243
0.9992344311672494
0.9987793275163386
0.9984733920314806
0.9991267038369889
0.9999233518979955
0.9985213732608813
0.9995610420592234
0.9999999999999147
1.5457183240765967e-114
0.9986389986949332
2.6727371913748544e-16
0.9838153769915485
0.9997065521947368
0.8028581723706051
0.9999986391263912
0.020438902644836093
0.9987752765624994
0.9998829027328736
0.9977838524259858
0.9863129945554533
0.7120760797094858
0.9999999999998579
0.9994784560494855
0.9996286081218126
0.00010746303820239138
0.9990683042525906
0.9971394502259963
0.9957028327821011
0.29478025498259086
0.9989805299970792
0.9834674899210839
0.9985423472117493
0.6922440084938226
0.8528501535496216
1.4024666850231271e-117
0.9955375826517443
0.21281246116769115
0.933538750032412
0.3644773629289367
0.960361864800219
0.9977277427050052
0.8026460248954186
0.9978330747812997
0.9999989760330961
0.18242490627707308
0.9999229469704617
0.9995801683395948
0.9999878432872121
0.999515399953906
0.9926118480166862
0.9996246753723158
0.9976019740795224
0.996720523598247
1.0
0.999563010354705
0.9999055488157818
0.9952808095988906
0.9993085636968836
0.9999360956524136
0.9998015728998072
0.9990502658788282
0.9965290996356305
0.9872274573525854
0.06631447869120419
0.9999999999999716
1.0
0.9828863987858178
0.9996086187646133
0.9992638934306564
0.8217209042522221
0.43633762721325575
0.9970651894133308
5.115274539213539e-15
0.9935376362361186
0.959717604201649
0.9999741254737704
0.9992133478544722
0.99720577139079
0.994567657314844
0.9970534703438562
0.9977647444533954
0.9975492654262186
0.9867199561320323
0.9976490263064731
2.5931688888376987e-15
0.9999577855946354
0.9990469131349039
0.9870871003655898
0.8072271528068764
0.9988339947883657
2.1332343828251064e-10
0.9997399214096897
0.9999743291963988
0.996546614262302
0.9999316162555583
0.999595994534773
0.35853623087540204
0.036870801605692234
0.999606764156255
0.997868102595018
0.9978179001510714
0.994874620786214
5.689185611565426e-117
0.9994422399491446
0.07282384941277921
0.9951592569110036
0.9122039261893434
3.246541692933171e-115
0.9849307223024681
0.9767185440974572
0.9994951350362846
0.061794292122440024
0.998739905458964
0.9875220424396302
0.013796938598275042
0.9979073336419804
2.1688770421438132e-08
0.9999941626979717
0.999621530563392
0.9939000464776276
0.9995612017860321
0.9797296882128399
0.9999999999478746
4.1673766177787727e-113
0.9999449915470017
0.9845151572627291
0.9954806318099538
0.998518900626732
0.9996578459479077
0.9986864988970965
0.9999345750763451
0.999564425826593
0.9929598241161217
0.9995880807316789
0.9999981261199131
0.999764997909949
0.9999874828177543
0.9987472555516689
1.189166280871325e-09
0.9839295763389211
0.9997771171083256
0.9966864924135429
0.9730687534777076
0.9999998549850878
0.9999999999308784
0.9840264166690708
0.9998560724640837
0.05929291912285964
0.9989527205535865
0.9799689515104419
0.08368005076600381
0.9972064327599394
0.09061878153287732
0.999875078336639
0.995662166674626
0.9994109826060651
0.9828421012614905
0.9996740817604065
0.988471393252292
0.9985041856252788
0.9999661285325645
0.9980502731192903
0.9956608080738606
0.9999332160599951
0.9990677083683522
0.9998029103039643
0.6239087734641295
0.9984456573603367
0.9989137191143846
1.0
0.9989349066780819
1.0
9.466934169275603e-10
0.8333203997298775
0.8447002953680953
8.016913081100526e-19
0.9984671883729827
0.9999198835194569
0.9889294153620646
0.9998482746209016
0.999960717199198
0.999666508411676
2.246238356527763e-115
0.9969771789469019
0.8061091361001683
0.9999999089967885
1.0
0.9882641839328152
0.9999355884492171
0.9972209710757297
0.9999019797709298
0.34644995278361873
0.9992632383679165
4.5814553976688304e-08
0.9943863749711945
0.9998194841383155
0.999946376416487
0.9995550732580529
0.9999492539741712
0.9862640717446334
0.9995301586109602
0.9994048235716791
0.9992928292504477
8.987694541054887e-09
0.9907875602141533
0.9999093122078402
0.9970534605899006
0.3557337282357041
0.0840296454289982
0.9999771951985995
1.0
0.08996855973192437
2.584493402593706e-08
0.9809826191374226
0.005651379241471109
0.9998052274155546
0.99662729597371
0.9996399313764998
0.9994261840287466
0.9999614892944689
0.9969875515895925
0.9858117637846863
0.9987952862296244
0.9993525901774862
0.9979173385237408
0.999532472466969
0.22097753523912406
0.9994089595225716
0.9992240560408622
0.9926002415502584
0.0009105396819936644
0.008938117604466767
0.9986266310118911
0.998236473552599
2.070138279785044e-16
0.99893992408318
0.9646961332370164
0.8288435305375483
0.9995379746831138
0.998934240655975
0.9926914805080235
9.161180985284377e-13
0.9969711158889988
0.9967358970420915
0.9991485017947246
0.9955347979134833
0.9971872821539901
0.9990500882705178
0.9998587532243058
0.9994646967100721
0.999136146904319
0.9998418555610455
0.9972556113192952
0.9999677222075695
0.9925229460418465
0.9996435169068404
0.9999520607556789
0.9820643253726956
0.9990671485402912
0.9646652424090716
0.9856779689129641
0.7729013147930198
0.9923555959053413
0.08835744681706693
0.9925963173366033
0.9999978260540883
6.14726822745078e-05
0.9999996160327269
0.9999033271719713
0.999887414867173
0.9977267033153722
0.999203961544656
0.050858348481965375
2.435591945042786e-10
0.9999914628805063
0.9945066943788676
0.9996081630278129
3.775170925848367e-92
0.090050835919005
5.509549644811367e-11
0.9967921771160623
0.9977691017184525
0.9999073978755748
0.9997255262531051
0.14376849554710494
0.999831632295005
0.9998242398708006
0.9921442628426479
0.99669894480292
0.9999843843253838
0.9680640526281568
0.9951180611681134
0.9972801801684609
0.9994328560449586
0.9904475967055852
0.9979878453700238
0.9981143405860772
0.21214804978680327
0.9967691262464938
0.989966894394361
0.9945975603878654
1.0
0.9996210903043261
0.9998208620423229
0.9597156050696296
7.808515818440071e-16
0.9984887272983934
0.9979565717994032
5.946386015035332e-120
0.9451132583707756
0.9865727049376629
0.9881856240614607
0.9984915216006962
0.9632453286358488
0.988083869576582
0.9996079130711704
0.9996778954873238
0.9996144139733094
6.711945130291106e-20
0.9988485744357807
0.9977183663600829
0.9991129995221864
0.9993257431018232
0.9998761287458915
0.9996580614166389
0.9180863226617436
0.9989325380893167
1.0
0.9989095279665761
0.15665630310569167
0.9945166952512847
3.9319090469922063e-17
0.9990525157393816
3.3687742152399814e-07
0.9998194270202831
0.999557131403865
0.9977433575619845
1.0
0.9856474430479543
0.9969476671254207
0.9944810836500967
0.9995337610650206
0.9972379472448768
0.9996668492172125
0.9862256664599811
0.7853344822992449
0.99980925858203
0.9988885159524936
0.9895228972257265
0.4310822779870152
0.9976094610288726
6.557924263606725e-08
0.9997570522628909
0.9999999947883111
0.9667957840567759
0.939246333434004
0.9984121212982711
0.9999352397089459
0.9992764796954157
0.99904799226511
0.9149825800666405
0.03490093871145212
0.9996667875993323
8.540706094435619e-117
0.9970948377734897
0.9998570313657664
0.9882839449342845
0.9919914208252427
0.11260269769932794
0.9808812943749686
0.9902926080435446
0.9877786782775252
0.9996085864562093
0.9999995395034412
0.999980872394373
0.9999540685594276
0.9998844569052328
0.0676145480040719
0.9997498621403673
0.9824106989589776
0.9967348045874784
0.9976067042461776
0.9716645020954614
0.06132668197119188
0.010560855048388924
0.9936293815028334
0.993627465205911
0.9933899581873289
0.021076136968145864
1.134042444469948e-09
0.999880728566456
0.9989613635069645
0.9970332372492748
0.9998891776730815
0.0004905027294973668
0.999714850033271
0.951032787115248
0.9994856996374554
0.9998897610437324
0.9939998046774718
0.9968340091892904
0.8979469441212223
0.9999471584645824
0.9971426503879985
0.9940230573128852
0.9999351134385104
0.9998794848658473
0.9995781482280711
0.9998181005908068
0.9995998823723642
3.357747783288392e-08
0.9342610622136788
0.9999923303225798
0.9993716978969138
0.8549769364887245
0.9999999998849489
0.99722189486654
0.9987965178095592
0.9846564319452508
0.9917163689900772
0.000850141749969745
0.9997353868023069
0.0028664753838840637
0.9997542730744593
0.9995626991023795
0.9650708260688909
2.103127640597361e-11
0.9939266166980567
0.9976758795929821
0.9998156825289061
0.9975038265726658
0.9838834000123592
0.9517077032824247
0.9868255742947674
0.9959968653802537
0.995805116035574
0.9936307725874851
0.9999897055788082
0.8279600649608542
0.9821770556971943
0.9992341662455868
0.9996328352545276
1.0
0.9969880774483768
0.9896696351323587
0.9999708200182492
0.9995096683456596
0.99942477079562
0.9988214229730983
0.9985787254121496
0.9996541158056693
0.999475611888642
0.010659326358635667
0.994755307423667
0.9997047034512604
0.9989887425630639
0.03493139411421248
0.990548870831631
0.9939904274447121
0.9709475359582277
0.9999878236825533
0.9996283862978897
0.9996359396011186
0.9996346825492
0.9952165112082493
0.9987666242952116
0.8415975732830888
0.9996758656707655
0.986342906513325
1.0
0.9920782631351254
0.999316988514156
0.9974227630171772
0.06131997705287847
0.9978173779331745
0.9997382330243536
0.11542031277412006
2.508422627072048e-09
0.999408322994907
0.3488927097088063
0.9994614576869197
0.9990808002414168
0.9657866802897834
3.814354467958247e-11
0.9998006275232151
0.999387329902792
0.9999976819901101
0.6311745982705741
0.9723061076906884
0.9358420368354748
0.9997155509031593
0.9978731261885404
0.9999371862816698
0.9999938636754117
0.9999867876037186
0.9662395152055111
0.9987386635025838
0.9996157565715259
0.01835430157718362
0.9939973677208597
0.6603905880166733
0.9996452682850123
0.9999909919581718
0.9992588853338745
0.9999975824362599
0.9519869799173469
1.3171423034059355e-08
0.9972386927332922
3.980419481486167e-07
0.9990308378412079
0.9995221021292515
0.9969764181316447
0.9994714399526359
0.9798286598602073
0.018360014282739867
0.999938419299
4.318611608681543e-15
0.999999991437619
0.9993627287813484
0.9999977308989565
1.0
0.9972701502078186
0.9999655823535457
0.9974814840058364
0.9999999999995168
0.9763833011962196
0.9604712617112076
0.9982480957051179
0.9973680933025129
0.9999989835994164
8.754669499083297e-17
0.9998744987888092
0.9998276564004618
0.9991106186136908
0.9969008962247417
0.9994207143324124
0.999120662432597
0.9774881333390223
0.9992701968018337
0.9999557009740838
0.012493427516573914
0.9981810011175635
0.9995261997813921
0.9989836998373
0.9984417311457012
2.2892854107142826e-18
0.9999999999996874
0.02966205669381837
0.06742238890936951
0.9998900048120287
0.3624579821462916
0.9999999991970299
0.9988423842150395
0.999914208162639
0.999756330906939
0.9996758401386426
0.9990031351391313
0.024587827231535377
0.9823485115039229
0.5838389624671327
4.230592784690169e-05
0.9633056457816146
0.9992223198567919
0.8744955052748602
0.9999116869967628
0.9996068193705933
0.9998321198516229
0.9965900792540309
0.9932532461202712
0.9965002656319956
0.9978979476118662
0.999928538180595
0.9995832318122023
0.9474162349256002
0.9998240295384042
0.9982479667181622
0.9999782905259263
0.9947087949499095
0.9997056044548417
0.8713007918692554
0.9995093198266288
0.35610913791617466
7.120897778549978e-06
0.9998231398181217
0.9936615180108495
0.9994302886215954
0.9833650038442332
0.9979608537888061
0.8131890320466033
0.9387663829088696
0.9891359296706687
0.9997908170232609
0.9997368888034474
0.9569596085574112
0.9968623807252561
0.9885528619700183
0.9993678754174378
0.9999707266866981
0.998467525646036
0.9995223596540104
0.9989160722817312
0.999952984671231
0.9978065833202893
0.6774797126364316
0.013475926931464441
0.11078301407151707
0.9988742958153372
0.9985563800281679
0.998976818307048
0.997751384112067
0.9994605309647787
0.989901180629177
0.9997875643045658
0.9999975116958219
0.9987713385946817
0.9986782708391204
0.9999862385676177
0.9983591996099782
0.9977292991906644
0.9993299723903073
0.998672283587103
0.9977372648970194
0.9940433005746873
0.9995552149203996
0.2217926008969234
3.2778437518916614e-11
0.9940960105152091
0.9999383601117083
0.9991087729532259
0.9990512522549153
0.08144305194636105
0.014099166502870023
0.9990086109392066
0.9971954744081796
0.997345789192471
0.9977574487817117
0.9999058495637395
0.9990265602749828
0.9988170756515344
0.9970558540774095
0.9912839051908797
0.9997345694535581
0.15482848705805807
0.9950313163595245
0.960240438669744
0.9754404028875656
0.9998801982318747
0.9996988386724316
0.9998982541208818
0.9964454534869881
0.9990473455933109
6.379784765919693e-113
0.00035746505121372907
0.999404063864235
0.0016353281311947021
0.9961962813469439
0.02750817185370344
0.9967355377612211
0.9957073922561551
0.9996206823391619
0.9999409398649479
0.9644848440943292
0.9901367944805901
1.0
0.9995935818572353
0.9340372588871559
0.9979048733743776
0.9995618466004885
0.9996696712204087
3.066818255768209e-08
0.9993812215246234
0.9984983097353499
0.9988745407540209
0.3633025926264506
0.06412641093041452
0.9942449432105174
0.9974485223917956
0.9013933896955417
0.9991037338734509
0.9999583538432483
0.9894277408883838
0.9993603246225196
0.9947149791169303
0.9999901762208416
0.9997916103421804
0.9916454222899148
0.9921224036787739
0.00338149612274666
0.9671518715727303
0.9739819889559904
0.9972101532439679
9.786693091334799e-15
0.9340437479071048
1.0
0.5142439934501278
0.02940781645353771
0.9992387963199155
0.8735017065989621
0.9999498092047144
0.9980532390944957
0.9990767620635154
0.08181833359174547
0.9910124119016471
0.9986657470864077
0.9792848721024556
0.9979613504766565
0.9999443344565889
5.68761272640654e-11
0.8642987109382533
0.9977428525919121
0.9991328985591792
0.9993203419588328
0.998625884194514
0.998415461021811
0.9988873857497006
0.21768892555154892
0.9999990180604346
0.9970638294507657
0.9996758184073167
0.9997715244855292
0.9861965242570779
1.0392188068709353e-09
0.999853890003177
0.9997665784461953
0.9999444361798464
0.9993793982410817
0.07100700285223065
0.07064827047023693
0.9976890321913888
0.9812518931358768
0.997289755945641
0.9972686480573923
1.0
0.9539078340418853
0.9999472724415862
0.9967634090254275
3.820907097962451e-17
0.07169574092501711
0.015804783901308156
0.9053057681496608
0.08142130880141175
0.9941888723675436
0.9997480724388071
0.9994602795794542
0.997370424640123
0.9992032575100973
0.9998484413362079
0.9995422535079559
2.045571507476642e-21
0.9999966763785247
0.9986592568183233
0.9931786489233767
0.8753721350076141
0.9985598152135038
1.6566687717448053e-07
0.9999429359206936
0.975272224167393
0.9984621323672273
0.9986707503203783
0.9972383501924835
0.9862335184080182
0.9999950792019656
0.8216135042332915
0.9976275424965468
0.09011829166040718
0.9989308739454643
0.9971763530838126
9.118904616007418e-08
0.9999312769083502
0.9991287533453
0.7730899050731825
0.32730587786992266
0.9999334927344846
0.9999869007546542
0.909854447847843
0.9981449885438336
0.033463799874352704
0.7732998527609677
1.9083857755007716e-09
0.9963334525037391
0.991445958270181
2.100924673430488e-06
0.9925686027090481
0.9971826888791513
3.916501951042788e-13
0.9983708855775545
0.030041884459018665
0.9878804359015124
0.9999999924429233
0.9993790520326987
0.9926945092112968
0.9998830695189751
0.7733035172139259
0.9996781798395863
0.996591720939038
0.0003875013801579883
0.9507357168629899
0.9994039868575378
0.03049852861016129
0.9882319186141683
0.9998828073009698
0.9546724530703102
0.9999736620985872
0.994611175508584
0.9995630758638865
0.9973275095831171
0.0843952079522567
0.9727690545014321
0.9856078761212609
1.0
5.438694479962445e-119
0.9992136066152246
0.8310477291779381
0.034125996651988864
0.9991830611964442
0.9877770276302876
0.9985685877324162
0.8236125535236153
0.9999068279894535
0.9999378457869171
0.9932778138483325
0.9632017300370216
0.9999185725937411
0.9929314107602969
0.8328167823124146
0.0005035674095641813
0.9995963250510833
0.9997279713408237
0.0009120740733329225
0.9817541253143407
0.9979136049546666
0.9982229978413081
0.9966170314912278
0.9988421127731607
0.03508303971650435
0.8671828373117447
0.9938262099964402
3.341829626698656e-17
0.9995088051625153
0.54659265478761
0.9961032482947765
0.9999180465646307
0.9971134998209563
0.9990040620312114
0.9273081567936308
0.9996961193114015
0.9839742106408468
0.8105944428853982
0.9993544553038674
0.7857592929784312
